            256
     9.28317767
  -4.0956960361    4.3496151479   -4.1508039814   -0.0483333335    0.6336073891    0.7043977804    0.3162741410
  -4.0955861410   -3.1416848155   -3.5656177808    0.1826049241    0.3708122677   -0.2752239520   -0.8679893318
  -2.7979785915   -2.7494141159   -4.1093525455    0.5174330484   -0.1655537530    0.5063515772   -0.6696738577
  -2.9169777015   -4.4625337718   -3.4316002427    0.0473167159   -0.4495975496   -0.6757711857    0.5821996878
  -3.2893303598   -3.8342841662   -2.1888804399    0.0087545381    0.6151290086    0.6193750226    0.4877645356
  -4.0416118377   -3.4736871066   -0.7345015562    0.1679448838    0.4398814886   -0.7263022321   -0.5007832462
  -2.3157855209   -2.8804487670   -2.7351556005    0.8459300083   -0.0720921843    0.0246903076   -0.5278214914
  -2.1395060969   -4.0840683305   -1.6352101405    0.1164238344   -0.5307060086   -0.8237855773    0.1617836392
  -3.8674526511   -4.2914696139    0.4736557891    0.2448423720    0.1381217974    0.9345419696    0.2181877382
  -3.3101212949   -3.2310319724    1.4336164957    0.0121118670    0.2791882725   -0.3804341267   -0.8815764780
  -2.6393296275   -3.5554659891   -0.1369574089   -0.2919316571   -0.5407771048    0.7375994691   -0.2797910895
  -2.2653421255    4.3919319043    0.8634861310    0.2059648358   -0.6186096014   -0.7357383530    0.1832749938
  -3.8672420267   -4.1127570863    2.1796353793   -0.3914212689    0.0121943240    0.7008695212    0.5961732995
  -3.8429837396   -4.1474895853    3.6588221351   -0.1442502945    0.6305994314   -0.7362369220   -0.1987244432
  -2.9513371342   -2.9057467471    2.9212264370   -0.4078741081   -0.5613663934    0.6810768014   -0.2337538769
  -2.4412188462    4.5870299541    3.7283823033   -0.2752709058   -0.2867375945   -0.9068615279    0.1400344587
  -4.1904880825   -1.8754710540   -4.0123787571    0.1415914055    0.3694153612    0.5984421953    0.6966714461
  -3.2838293857   -0.9416582032   -2.9277765851    0.0327096874    0.7237500636   -0.4485028025   -0.5234129899
  -2.6010589015   -0.2872836574   -3.9072684933   -0.2341095551    0.0311444792    0.1747981035   -0.9558600110
  -1.5692742337   -1.3185528150   -2.0461702747   -0.0498069420   -0.2955006573   -0.5945018818    0.7461676371
  -3.4125497253   -1.9251316817   -2.1912384442    0.4491513635    0.4335298217    0.4859767599    0.6116711006
  -3.2809779136   -2.2396813471   -0.9041522906   -0.0997659692    0.7122062372   -0.3872668901   -0.5769171370
  -3.1178696608   -0.5393955560   -1.0729693232   -0.3736950539   -0.1086350575    0.7695533829   -0.5062983527
  -2.0471573030   -1.7052776162   -1.0487707678    0.4175303826   -0.5647796101   -0.4638111782    0.5399736685
  -4.1488401963   -2.4519858257    0.4694262291   -0.2213514236    0.7025309547    0.5915262444    0.3279489399
  -3.2463706569   -0.9036935325    1.1790428866    0.3100333548    0.3785274507   -0.5246969706   -0.6966271435
  -2.6855467565   -0.7739629004    0.1126457652    0.0277305357    0.0238709114    0.9914154301   -0.1255254635
  -2.6760238184   -2.5569314979    0.9772917767   -0.3843162825    0.0592124493   -0.8777923752    0.2797774595
  -3.9154116537   -2.3531126306    3.2394266045    0.0817618778    0.6894351068    0.7191148342   -0.0294632656
  -3.0694812658   -1.3263783034    4.3928487644   -0.2217011247    0.5448639865   -0.7876628788   -0.1831912578
  -2.6034126523   -1.0917971769    2.3161257200   -0.2707862080   -0.4027763899    0.8600397334   -0.1574092321
  -2.2982289323   -2.0105977290    4.1736609645   -0.4929261231   -0.2906003739   -0.4341346771    0.6957746345
  -3.7401227505   -0.1043017947    4.3717510877    0.2549901721    0.6536212466    0.6077494473    0.3720213535
  -2.5376540092    0.8248636765   -2.2445306337   -0.0053719539    0.6201909973   -0.5437808171   -0.5653642118
  -2.6348121414    1.5408560361   -4.3513439860    0.6395601303   -0.3376042895    0.5263350145   -0.4471662285
  -2.6844926718    1.2144216303   -3.4067918095    0.4806499672   -0.4893823029   -0.6140488388    0.3904159246
  -3.5631348350    0.3141245559   -1.6488032481   -0.1870710588    0.8863505891    0.4181445103    0.0673959993
  -3.2437419209    1.6715492540   -0.1475609250    0.4794959406    0.5504264682   -0.6794592583   -0.0738204743
  -2.7436064000    2.2545260184   -1.3865598930    0.4945448632   -0.2957823650    0.2687912572   -0.7718091933
  -2.1080004674    0.6883139699   -0.3826397023   -0.0283466036   -0.4020629413   -0.7870661915    0.4669782345
  -3.3479040062    0.4220622593    0.4278855552    0.0949900210   -0.0526699459    0.0395235395    0.9932978720
  -3.4943239619    0.7560651302    2.4166711807   -0.1760706385    0.1836316002   -0.8332926160   -0.4908176665
  -1.8527740109    1.5179021270    0.4782405829    0.2356785038   -0.7316005212    0.4460223207   -0.4585634195
  -2.1563520199    0.9597835901    1.7630394606    0.0296380519   -0.2225031006   -0.6612102953    0.7158316153
  -3.5939382757   -0.8533091756    2.6443432244   -0.0870833140    0.6981349094    0.5529716187    0.4463703996
  -3.7992622730    1.5483153390    3.7996249890    0.1921295310    0.5570586512   -0.5309851113   -0.6089554286
  -2.4782238313    1.7541017219    2.9290771524    0.0684656279   -0.2848210989    0.8703082575   -0.3959203663
  -2.0145532291    0.4555892520    4.0027201210    0.2432742889   -0.2670841047   -0.3932197866    0.8454950626
  -3.8052601997    2.1190620037   -3.7032850572   -0.6130256646    0.5401574469    0.5436408950    0.1920521919
  -3.3244627198    3.3491174931   -3.1307313818    0.1966427099    0.6843680681   -0.0925537389   -0.6959926705
  -2.8629513223    4.3240747080   -4.5260638144   -0.3851350065   -0.7061586017    0.5910357024    0.0607277087
  -2.1986982290    2.3254045383   -2.5280941491    0.1394932441   -0.0761907327   -0.3404408018    0.9267344105
  -4.1348983996    2.6834881360   -1.9617843130   -0.0232231125    0.2765754557    0.7401184858    0.6125286372
  -3.3535008348    3.2485482069   -1.0526150403    0.0137462294    0.3571521089   -0.7255783098   -0.5880387136
  -2.0676467517    3.9434558773   -2.1365886747   -0.1480073003   -0.2673541732    0.7415340023   -0.5972795900
  -1.5402363559    2.5335014952   -0.9732593176   -0.6982167983   -0.3067042816   -0.5364888414    0.3613938424
  -3.5756836056    2.2138494977    1.0989441277   -0.0551049340    0.7072375974    0.6850746703    0.1656838048
  -2.9509887771    3.1763204349    1.2729090040   -0.4915338294    0.0292220370   -0.2296557235   -0.8395229692
  -3.0949610003    4.4256488824   -0.7111322350    0.1145600535   -0.6721843374    0.2345740733   -0.6928341901
  -1.9663873907    3.3184002602    0.2869060783    0.2123068399   -0.6108089897   -0.3646531824    0.6699748059
  -3.4046236880    2.5008298357    2.4101331504   -0.1340632706    0.0784433702    0.6370976830    0.7549703434
  -3.8765027751    3.0877416106    3.9826657322   -0.1315467076    0.5126211395   -0.4599626707   -0.7129862360
  -3.5457628539    3.8418307203    3.0366706780    0.1837782239   -0.1691310646    0.2814912044   -0.9264895840
  -2.5762821786    2.7223529945    3.8694175005    0.2498936188   -0.6192559723   -0.6613636490    0.3415747999
  -1.5562064701   -4.5208122028   -3.8325837717    0.3912636412    0.3194654390    0.7789823565    0.3715388063
  -1.1298646487   -2.5214177424   -3.0121611503    0.5758233443    0.1158260268   -0.6376571215   -0.4984026515
  -0.8077275685   -3.1370172183   -4.3190111248    0.0610235424   -0.3874516132    0.6879127607   -0.6106827396
   0.0435821439   -3.4999834087   -3.3376050515    0.2309688703   -0.6376335886   -0.3716472840    0.6339992776
  -1.0479374961   -3.9534342842   -2.4276809385    0.0620801178    0.6603828575    0.1006017871    0.7415657901
  -1.0046038697   -3.4326283630   -0.6621092086    0.3918934591    0.5385527776   -0.4443373493   -0.5991199734
  -0.2757645577   -2.4090979927   -2.2724094882   -0.7255069839    0.3120930510    0.6110316809   -0.0536453994
   0.4130478906   -4.2375918634   -1.0788189354   -0.1560895554   -0.4550298770   -0.2585565326    0.8376946825
  -1.5692095990   -4.3040994270    0.2240176292    0.0271788286    0.5939438433    0.7902813256   -0.1481467136
  -1.1306136904   -3.4492793788    1.5468252526    0.0283932905    0.6826903997   -0.4611928348   -0.5660643148
  -0.4436318874   -2.4900342543    0.2707584993    0.3707085273   -0.6445597056    0.4149981781   -0.5243038107
  -0.1628457478   -3.6797614916    2.0683064974   -0.3629126582   -0.5872233391   -0.4572881565    0.5606698623
  -2.2667310177   -4.3436245050    2.1369900901   -0.3397279334   -0.1858685737    0.2608355605    0.8843091173
  -1.8519866352   -3.4667937314    4.0529570160    0.3129076599    0.3292081321    0.0118689243   -0.8908254210
  -1.2047007890   -2.9603553458    3.1678675644   -0.0645573329   -0.1556942612    0.6917308112   -0.7022108890
   0.2256394614   -3.6113065578    4.0470024709   -0.3192896685   -0.3050623438   -0.8781907099    0.1837720084
  -1.6712564073   -1.6882124507   -3.8707006714    0.0505165943    0.5432670115    0.6150894053    0.5691871849
  -1.1446929541   -0.1309948891   -2.8010248206   -0.0344512430    0.4135788000   -0.2680399560   -0.8694367545
   0.1662314882   -0.0758447953   -4.0382885323   -0.2848134808   -0.5542834170    0.5696013236   -0.5359155782
  -0.5685915450   -1.1559600173   -2.9508171475    0.0187044232   -0.5940046234   -0.1627634242    0.7876018789
  -0.8717487329   -2.6895132591   -1.5177150360   -0.4636271848    0.3579796835    0.7074761134   -0.3954464930
  -0.9650593261   -0.5391457044   -0.5843857154    0.5930325152    0.3622941861   -0.3496778187   -0.6283158296
   0.3456883150   -0.1250056667   -1.6886014015    0.1535510252   -0.3683835227    0.1274039691   -0.9080109534
   0.5086731622   -1.6273881448   -0.9468267623    0.3722196900   -0.2490840470   -0.0796508408    0.8905421852
  -1.9152109169   -1.9482731782    0.1146248419   -0.0469994825    0.4035430029    0.7997597244    0.4419598134
  -1.5484073250   -1.5179768180    1.4073215749    0.0383813269    0.5960978067   -0.5162230265   -0.6137654809
   0.0391870737   -0.5200212916    0.0751064147    0.0908668309   -0.5376418730    0.8382357681    0.0067255149
  -0.0268753120   -1.9814812639    1.3556663553    0.1620877952   -0.7683750230   -0.4117238002    0.4623968891
  -1.6770888924   -2.2330036364    2.3253760070    0.3245987709    0.6362333699    0.5549639528    0.4264478257
  -1.4738773163   -1.4005395194    3.8184514638    0.2873067761    0.5531281518   -0.6522223785   -0.4314047207
  -0.5209331138   -1.2261040890    2.5449488839    0.0792674425   -0.5779275032    0.6991294426   -0.4134422525
  -0.2603390524   -1.4559206204    3.9262618398   -0.4668934400   -0.6200106340   -0.4217958898    0.4687062586
  -1.0687052481    0.3805359639   -4.3574435952    0.1521593132    0.2812204643    0.7407772233    0.5907721214
  -1.3063360342    1.0826866634   -3.2859168008   -0.4783771529    0.7953485555   -0.3585923869   -0.0999373552
  -0.4458294391    2.3674377910    4.2470022932   -0.0111338649   -0.5469468756    0.7283253182   -0.4126346849
   0.5273712565    1.2318658495   -3.7051029647    0.1878118334   -0.6294548628   -0.4502835724    0.6047792948
  -1.2210037253    0.4446042735   -1.4275842013    0.0827450299    0.6929866759    0.6327059214    0.3355680917
  -0.1686550314    1.2971622164   -0.3257838587    0.2512636497    0.3766235302   -0.8776982842   -0.1570573680
   0.3469454263    1.2703884910   -2.6797753569    0.4173469425   -0.2294251239    0.2164908327   -0.8522425485
   0.2787269080    0.9709354129   -1.1211899670   -0.0436244358   -0.6739037008   -0.6257862651    0.3903104676
  -1.2178919678   -0.4675206462    0.7015639349    0.1492515932    0.5194653812    0.6773793159    0.4990360127
  -1.0600132382    1.9456007800    1.3977411633   -0.2241101635   -0.1325277371   -0.8678901478   -0.4230575904
  -0.3919535090    1.0775206262    0.9061026940    0.2429302347   -0.3407829416    0.4970014485   -0.7601588308
  -0.8171745466    0.0011933036    1.8575403034   -0.3932529163   -0.5131046871    0.2698635023    0.7136171341
  -2.0093947785   -0.1870424332    3.0182542507    0.0002957391    0.1256206031    0.7590391532    0.6388105671
  -1.3335005984    1.5417052427    3.5638632298   -0.5832486078    0.5090472806   -0.5648375761   -0.2857454116
  -0.8243111203    2.2054011817    2.4534138077   -0.5986417768   -0.5234541791    0.5512614580    0.2524570268
  -0.5165451245    0.3666915404    3.6641587076    0.0457992482   -0.6197286692   -0.7478996447    0.2334200655
  -1.7434672736    3.0639932113    4.6398095288   -0.1556598579    0.2236111234    0.5308925525    0.8024469900
  -1.5189389089    3.0965816638   -3.4033426146    0.1281946565    0.6212372829   -0.3221774818   -0.7027318398
  -0.4750237226    4.3717277882   -4.4328324958   -0.4889344648   -0.3925433518    0.7701350917   -0.1172379915
  -0.3206116618    2.7181389867   -3.4863157605   -0.3498190089   -0.4983523816   -0.6178418770    0.4975369130
  -0.6994333841    2.0065777093   -1.9516525225    0.5154791028    0.7185307406    0.3801339490    0.2710960167
  -1.3202112106    3.7808311679   -1.2754816544    0.3085321913    0.6176867602   -0.0488101120   -0.7217260742
  -0.4061855573    4.1340018191   -2.0281975693   -0.3956572250   -0.3843755844    0.1458519652   -0.8212417273
  -0.3381858420    3.0993036036   -0.7731266656    0.5172792126   -0.5176729913   -0.5959463448    0.3305825834
  -0.6596240594    3.0669842973    0.2317126707    0.6228839550    0.3580092481    0.2486641740    0.6496238031
  -0.9470496566    4.0238965693    1.8631693675   -0.0745516225    0.5346997582   -0.5721225606   -0.6174252990
  -0.3130635896   -4.6038169112    0.4832455935    0.0752923484   -0.7743508334    0.3971608637   -0.4868008807
   0.4452889943    2.7648097310    1.3327075262    0.2712264376    0.0171720708   -0.6561196234    0.7040229963
  -2.0072405363    3.2922598483    2.4220647806   -0.1738253215    0.5639409242    0.5216176718    0.6161739982
  -1.0721511825    3.7034576709    3.4650449242    0.2466611052    0.3090048728   -0.4104322745   -0.8217174915
  -1.0343436778   -4.3207965425    3.4706924505    0.6546065682   -0.1268773324    0.7409097201   -0.0802818169
   0.2915065321    2.9457473459    3.0793499026    0.1154904863   -0.5358823388   -0.3534912585    0.7579815279
   0.5114018370    4.3747950893   -4.3873397975    0.0122507938    0.7751501619    0.5509158714    0.3090046071
   1.8097147656   -3.3557364660   -2.8940807284   -0.1650732385    0.0690253085   -0.2004027729   -0.9632367629
   2.2515863245   -3.2043424292   -4.4672237983   -0.2537058343   -0.6037596320    0.4674353925   -0.5938112582
   2.6460479480   -4.5605404181   -3.2228788258   -0.1564940757   -0.4050031486   -0.4128758792    0.8006344748
   1.1365395630   -4.4010974825   -2.5727939272   -0.3221745351    0.2369921014    0.3206424599    0.8586190807
   0.8792019268   -3.0671150895   -0.9122349059    0.0218034579    0.8320035016   -0.1265511509   -0.5397032414
   2.4948283109   -2.9098093014   -1.8743669712    0.0938510499   -0.7358102026    0.5308624672   -0.4098296806
   2.2543563901   -3.3252401489   -0.4351269234    0.1786601031   -0.1937303055   -0.6362227106    0.7250998544
   0.5912625507   -3.8855000345    0.6012630572   -0.3112714785   -0.0568952149    0.9073867454    0.2766266356
   1.3361757415   -3.5331341413    1.9403699713   -0.0241209477    0.1537513166   -0.9045103706   -0.3970386656
   2.1687729359   -2.5545838843    0.3422826522    0.1913220117   -0.4580377647    0.5312214491   -0.6865865321
   2.4766094427   -3.4547378588    1.3729056678    0.1725284181   -0.4095547567   -0.7949744211    0.4129340336
   0.9920419084   -4.4597978154    2.7383924083    0.4271135797    0.8240272240    0.2901895670    0.2331161501
   1.1165096324   -2.7299180848    4.1732085405   -0.5067999565    0.2314162910   -0.7004206842   -0.4461066796
   2.1847803838   -2.7746147054    2.8538520209    0.1029367102   -0.6634660226    0.3436050798   -0.6566219763
   1.7232261131   -4.4333925513    3.8649413653    0.2653121328   -0.1978798489   -0.8083511218    0.4868485405
   0.5277633439   -2.0843759077   -4.0679324302    0.3038192772    0.5384673464    0.0365577485    0.7851180132
   0.9196654728   -0.7460101297   -3.2910155881    0.6595704678    0.3285273147   -0.3799501494   -0.5591730371
   2.4348862039   -0.7338926421   -4.4247569649    0.1675815540   -0.5757491170    0.2157417175   -0.7706392725
   2.2380351157   -2.1422258236   -3.0581144153    0.5115982446   -0.3462024186   -0.5560525127    0.5560725894
   0.8196546676   -2.4262441638   -2.2996752589    0.6615468146    0.1039041938    0.3949683422    0.6289354016
   1.6829435261   -0.2746328138   -0.0476831529   -0.2528350436   -0.1905297067   -0.5338752791   -0.7840599837
   1.5594995761   -0.8247845280   -2.3940200277   -0.0511996916   -0.3619138687    0.3526980042   -0.8613948346
   1.8028201866   -1.1505784812   -1.0590956036    0.0732227906    0.2981226273   -0.6846625200    0.6610586629
   1.1401690398   -2.0465183597    0.6871662024   -0.3496056465    0.4126709850    0.0915113941    0.8361245211
   1.3821767057   -1.3749145265    2.1008432318   -0.1144478429    0.3926836159   -0.8282371833   -0.3830462599
   2.3133734547   -0.5425504701    0.9795175153   -0.3692860574   -0.2077357719    0.7926016526   -0.4384703836
   2.7155262330   -1.3702880963    1.8565896885   -0.0075253424   -0.7272652057   -0.4036137288    0.5550897655
   0.9004302457   -2.2734823188    2.8997875894    0.1904426915    0.3205014814    0.5044325033    0.7788184842
   0.6061474669   -0.5369461801    3.1221307065   -0.2157782783    0.6724597980   -0.4879707134   -0.5129543230
   1.7956287488    0.0358664728    2.6640311461   -0.5153460578   -0.3407598869    0.7857698464   -0.0294429746
   1.0938287970   -1.3219996008    4.1411369032   -0.1607430584   -0.8313001689   -0.1973934804    0.4941027346
   1.4200627321    0.3962846338   -4.5865484339    0.1974281980    0.6920521119    0.6013505350    0.3470785432
   1.4041897130    2.0568007006   -2.5992136403   -0.4393499621    0.6225022922   -0.4059974316   -0.5046073648
   2.2011052883    2.2030101675   -4.5733630249    0.0777832505   -0.4251186482    0.8367853613   -0.3361757875
   2.1313729195    0.5465536091   -3.8456360436   -0.4703257252   -0.6776453873   -0.5095835817    0.2447754371
   1.5962495111    0.2906011939   -1.5232726447   -0.6553582795    0.2976308428    0.6349076715    0.2807376991
   1.4539065083    1.9268115318   -0.8292829863    0.2941271208    0.2492494228   -0.7701576706   -0.5081546265
   2.7031262441    1.7655637439   -2.7062648015   -0.3078112787   -0.5311699607   -0.2686819007   -0.7422403424
   2.7382992282    1.2921216714   -0.7356598183   -0.3961330502    0.0717771317   -0.6058051583    0.6862410365
   0.7743005862   -0.4853275868    1.0178797193   -0.1300732514    0.4937347061    0.5152657601    0.6883372616
   1.1645915104    1.0959228635    1.0125662812   -0.2544228695    0.6051519904   -0.3880318230   -0.6469090943
   2.2055700833    1.6313009540    0.4608445883    0.5680988713   -0.4771348502    0.6449100729    0.1835674399
   2.6228770063    0.6939877763    1.4368531895   -0.4681579071    0.0096821335   -0.6581795153    0.5895202761
   0.5435254104    0.6839678803    2.4904298901    0.0552062744    0.5592942416    0.2403674981    0.7914326784
   0.7861436701    1.1819499027    3.9858721149    0.4178896155    0.3899056145   -0.3313451269   -0.7507011975
   1.5189538914    1.9769291704    2.3054089928   -0.1856559100   -0.8025896855    0.4803024158    0.3011499115
   2.2037748906    1.2154036809    3.5513813228    0.0303773622   -0.5159704443   -0.6640325565    0.5402892562
   1.1792247005    2.6712590770    4.5007593267   -0.1534389126    0.1814226226    0.1713537266    0.9561277281
   0.8386212369    3.5086219422   -3.3313677128    0.1061533985    0.4029827431   -0.6132663558   -0.6709998074
   1.5227002903    4.5748957426   -4.2474474080    0.2988180139   -0.5674670051    0.6806298025   -0.3541638953
   2.1548160668    3.2022735625   -3.3193272642   -0.3685392719   -0.5741970713   -0.5267536697    0.5069586767
   0.8179170194    2.9916606786   -2.0649749094   -0.1525084150   -0.2993655532    0.8433336258    0.4194160756
   0.8663139696    3.7694796835   -0.8983165422   -0.2846549821    0.4876507667   -0.7503951754   -0.3436209419
   2.3308849505    4.4835551522   -2.0492229202    0.2982688313   -0.3111716349    0.6377108103   -0.6383829888
   2.1755624474    3.7649773890   -0.6839518322   -0.1406551544   -0.5785694670   -0.6205154071    0.5103274723
   1.1861998044    2.6171319999    0.0032069225    0.3448815600    0.1596480102    0.6702946740    0.6373964798
   0.6844736484    3.7879422739    1.5101663500   -0.3054809985    0.4875989107   -0.1862644305   -0.7963882368
   1.6021068104    4.3127255252    0.6351950915   -0.4200222557   -0.4099584484    0.4983541677   -0.6380897264
   2.4505943854    2.4756716213    1.3994684321    0.2940697304   -0.2435431774   -0.0498995186    0.9228866412
   0.5175965708    1.8696621454    2.5684968084   -0.5928270754    0.6130087127    0.4640089571    0.2397333196
   0.9739024810    3.6809747493    3.6726415274   -0.1589824659    0.7120742881   -0.1686511970   -0.6627454697
   2.1516476202    4.1268897050    2.0570207164   -0.3032690060   -0.6168980305    0.6804050159   -0.2539955596
   2.4970911408    3.0935643179    3.5801969843    0.0452850990   -0.3988039015   -0.8912881920    0.2109740901
   3.2032264275    4.2699377766   -4.4674080016   -0.2274737564    0.7813045392    0.4231614450    0.3984385758
   3.6239473810   -3.6556872631   -3.4478916736    0.1698256654    0.7838402061   -0.3370085684   -0.4931318277
   3.8169970770   -2.4731743325   -4.0557021434   -0.2404535126   -0.6395960963    0.3813761903   -0.6226163694
  -4.3794302112   -4.2093422807   -2.7188472109    0.4443740794   -0.6746908295   -0.3462843063    0.4768764425
   3.5290278603   -4.3478668598   -1.7126314062   -0.1427803005    0.5252225211    0.7336017161    0.4069196619
   2.7850676006   -1.7625782306   -1.1486891033   -0.1318616528    0.6560020752   -0.7371305329   -0.0944052933
   4.4594042130   -2.6793200714   -1.9391777388    0.2033549983   -0.3077960802    0.7490381914   -0.5503181858
   3.9543466185   -3.4327050435   -0.4634707961   -0.3564160106   -0.5903776949   -0.6900850497    0.2195550704
   2.6742087280   -4.4416907498    0.3495496516   -0.3930044909    0.4807940600    0.3425975901    0.7049903782
   3.5503045361   -2.9366863772    1.6806694048   -0.3506048487    0.4890956614   -0.3250891327   -0.7295058121
   4.1314514543   -2.0638166010    0.4089439458   -0.3723660677   -0.5803173972    0.5825060523   -0.4304206422
   4.5384311778   -3.8566794268    1.3332982193    0.3065812068   -0.5105955443   -0.6457950482    0.4777540262
   2.8176477850   -4.4203832330    2.6221233596    0.0725975725    0.3397268848    0.6111484610    0.7112051707
   3.2131340061   -3.3536024202    4.1437220983   -0.3027393454    0.2730712968   -0.6962002370   -0.5908351594
   4.2487068814   -3.0103364383    3.2434227455    0.2303447784   -0.4001872583    0.7925650181   -0.3982864967
   4.5018531338   -3.7384431897    4.1928975856   -0.1434888481   -0.6845079779   -0.7046049844    0.1199649723
   2.5845942124   -2.2234228865   -4.1356348112    0.2158862211    0.1845924794    0.5834799015    0.7608350417
   3.3553210882   -0.6216305116   -3.0907770467    0.1584263879    0.6581142013   -0.5345682130   -0.5059877502
   4.4208832874   -0.3054574023   -4.1035156866    0.0134618565   -0.5151504002    0.1396935363   -0.8455321162
  -4.6035804111   -1.5940498811   -2.9235762785    0.4090289055   -0.2556072849   -0.5626369656    0.6714163503
   3.2796567643   -1.3107428304   -2.3262203443    0.4553975214    0.3791481442    0.4219790361    0.6861439175
   3.2604190570   -0.4234048124   -0.6969350433   -0.0947962882    0.5723948897   -0.1889657542   -0.7922560809
   4.2650005563    0.2577069312   -1.5166566164   -0.2735271472   -0.3715362234    0.7613839321   -0.4554538862
   4.3324853635   -1.7268362338   -1.0671631412    0.3022766229   -0.5851831567   -0.4432371885    0.6080545298
   3.1348539220   -1.7943973861    0.3085564828   -0.4352580537    0.4258682020    0.5898004931    0.5303980389
   4.1810381897   -0.3001107218    0.8483284621    0.2759526481    0.2372594417   -0.6574071550   -0.6598287096
  -4.3479303299   -0.8890741717   -0.0815327928   -0.1177543545   -0.7392835628    0.5483100885   -0.3727596714
   4.3547765743   -1.7029119470    1.9287361395    0.4930232003   -0.5651607096   -0.2345918016    0.6184562903
   3.2225272540   -2.1665016584    3.2967544696    0.0705265835    0.2404731293    0.3147430227    0.9154974084
   2.7498329050   -1.1710949844    3.8598166027    0.1706189703    0.2821041365   -0.9390678023   -0.0972526908
   4.3337948076   -0.9742175958    2.7245031496   -0.0111509823   -0.2712540287    0.5732896782   -0.7730691123
   4.4651881931   -1.2880551262    4.1972928427    0.4913066474   -0.3395442892   -0.0385844729    0.8011483585
   3.3413902146    0.0998097359    3.8832189600    0.0211188092    0.8372730610    0.1183137375    0.5334132326
   3.6199131585    0.9085303692   -3.3945975184   -0.2702924809    0.2483603321   -0.7553883629   -0.5428144632
   4.3664843858    1.1547928486   -4.4674484736    0.0465431453   -0.6411592994    0.7497906075   -0.1567243865
  -4.0013862279    0.3432535573   -3.1108475318    0.2837993840   -0.9387954265   -0.0376309417    0.1915854096
   2.4898871949    0.6095924666   -2.1592856527    0.2894659206    0.3817004593    0.8720336297   -0.1003573065
   3.4232914109    1.5167991292   -1.6356348938    0.3429200454    0.5872920624   -0.3368487562   -0.6511733958
  -4.5642177521    1.5756229102   -2.7053141435   -0.1763210301   -0.5243427169    0.1362427331   -0.8218354624
  -4.5066086123    1.1855417708   -1.0172321838    0.5295776051   -0.4621440634   -0.2499278244    0.6659628424
   3.6305721157    1.0350249648    0.2201372268   -0.0721871539    0.1756145574    0.7521987166    0.6309878230
   4.1897383805    1.9603684952    1.0548159001    0.2327351731    0.2349745078   -0.7844129386   -0.5247072152
  -4.4696783033    2.2351464839   -0.0202692979    0.1147198061   -0.7114907257    0.6886631225   -0.0797710294
  -4.5694264620    0.9651598374    1.6240184396   -0.1181469147   -0.8363789083   -0.5089125753   -0.1658903825
   3.2311891667   -0.2655787188    2.3292880732   -0.1064440704    0.1612772736    0.4966759782    0.8461514484
   3.3451247088    1.3214874141    3.2719683306   -0.0638603915    0.2109176492   -0.5044563704   -0.8348409226
   3.9939406480    1.8625277728    2.3874178368    0.6029652906   -0.2819301944    0.0186281295   -0.7460571135
  -4.5652751117    0.6177237121    3.1044907105    0.0444173548   -0.7117234702   -0.5405380400    0.4464251650
   3.1818729477    1.9396097283   -4.2068899701   -0.0244465486    0.4577483478    0.6021393900    0.6536795633
   3.9291363402    3.8262174536   -2.8529976807   -0.1710411448    0.0029586825   -0.8729181791   -0.4568917002
   3.7808305730    3.5763535802   -4.3166679230   -0.0247621417   -0.4053731688    0.8629899983   -0.3005123846
   4.4454533943    2.7241319564   -3.2326924404    0.0414354244   -0.5567919577   -0.5359376671    0.6332745364
   3.2378946161    2.8635809069   -2.4485070148    0.1918396812    0.6586852010    0.0006756504    0.7275512945
   3.4841282600    3.6615990828   -0.9243532727   -0.1676857508    0.7430964997   -0.2705209387   -0.5886488791
   4.4985422952    4.6312564086   -1.3083298254    0.0773523255   -0.5103907660    0.5284408022   -0.6739942154
  -4.2527209335    3.5458595126   -0.3472535048    0.1992882826   -0.4335781420   -0.8077557469    0.3461572309
   3.3292645624    2.8301878675   -0.3631155659    0.0485445105    0.7656032292   -0.0799062913    0.6364826082
   3.3887887502    3.7892141862    1.3949340912    0.5032660215    0.6068002078   -0.5865230154   -0.1857621378
   4.0115310851    4.0475377930    0.6052150704    0.6078265532   -0.4573691076    0.1778542053   -0.6242821977
  -4.2615797386    3.3788527035    1.8277975318    0.0219329413   -0.8906036393   -0.4047196793    0.2062670234
   3.1143118437    2.7191812374    2.5427123365    0.6490568613    0.2233580835    0.3388106788    0.6434622609
   3.6235417462    4.2306966453    3.6133879435   -0.0311082647    0.2477282621   -0.7693829381   -0.5879735356
   4.1775342966    4.3708326527    2.4431797740    0.0329008594   -0.6760016317    0.7185739506   -0.1599712625
   4.3453783296    2.6035184025    4.0188900406   -0.1019887292   -0.5241512128   -0.4504179272    0.7155330154
