            256
     9.28317767
  -4.4000385181    4.6260472828   -4.0151359889   -0.0117958534    0.4946457966    0.5672313986    0.6583577555
  -4.0439445836   -3.0159865084   -3.1870554813    0.1927310530    0.4791784785   -0.7028061120   -0.4891894273
  -2.9132262990   -2.9413894836   -3.9826465222    0.2347561474   -0.3620214573    0.7453321345   -0.5082420930
  -3.0910125312   -4.3105904751   -2.9991804674    0.3193760921   -0.4680944308   -0.6467837610    0.5104481190
  -4.1813781870   -3.6815839912   -1.7037664496    0.1250623947    0.4973147705    0.8165435166    0.2651303491
  -4.0127441491   -3.2531192457   -0.4638614193    0.1083937389    0.3720954555   -0.6672114657   -0.6361011157
  -3.1747559599   -2.7477163391   -1.7670984382   -0.0949402971   -0.4505956662    0.7248917730   -0.5123297796
  -2.7389177998   -3.5064984268   -0.8360999296    0.1657591430   -0.5969709555   -0.5534256249    0.5566593775
  -4.1437829708   -4.1204979415    0.4357354473    0.1315634164    0.5178219279    0.4757489916    0.6987234184
  -3.7693198988   -3.1593589147    1.9064263402    0.0899029346    0.5717393380   -0.4217587930   -0.6979621138
  -2.9910661825   -2.5744746350    0.6081403256    0.0006891630   -0.7675074947    0.3478860487   -0.5384301884
  -2.6409063789   -4.2471342874    1.8527039635    0.2211204199   -0.5490941035   -0.7034037851    0.3934774969
  -4.4497425863   -4.0548665524    2.7429017598   -0.1498262376    0.4403175841    0.6263554800    0.6255807992
  -3.8613154633   -3.7597313462    3.8209698913   -0.1049219028    0.6059431410   -0.4857753246   -0.6211655482
  -2.9953330386   -2.4900445749    3.2904733635    0.0024475694   -0.6160674910    0.5300506206   -0.5826673113
  -2.6418266393   -4.1388139903    3.9468444162   -0.2691425526   -0.3478284470   -0.6996620671    0.5630725084
  -4.3209677570   -2.2123110701   -4.1014028712    0.1604312984    0.5205573486    0.3969679759    0.7387139307
  -3.8493488221   -0.9166989048   -2.9884813783    0.2526603803    0.6869377443   -0.4606537645   -0.5020730793
  -2.5967452798   -0.5530782709   -3.9976892360   -0.0277695582   -0.5363064801    0.2145754628   -0.8158195768
  -2.2777104950   -0.8767887790   -2.4277523487   -0.0143654595   -0.5441845680   -0.6083304471    0.5775732480
  -4.1270861901   -1.7014625697   -2.0126991055    0.2636882061    0.3987755409    0.6687864243    0.5693604452
  -4.2355985251   -1.4272148374   -0.8151365762   -0.1056090916    0.5012912637   -0.6548657436   -0.5556119569
  -3.1762262897   -0.3130689478   -1.4905926772   -0.1038282942   -0.5505858209    0.6459109055   -0.5185306561
  -2.7471054199   -1.7669980976   -0.6370783955    0.1649496696   -0.5188740483   -0.5802331215    0.6057151585
  -4.5033000820   -2.2678339249    0.7152408585    0.1531830974    0.3790929409    0.5765534449    0.7073963571
  -4.0504946844   -0.6634761572    1.5167457502    0.1926631104    0.2926422070   -0.7492855250   -0.5619721226
  -3.2207310802   -0.7685414411    0.3105803408    0.0336357479   -0.4857745084    0.6862247225   -0.5403585788
  -2.8337690257   -1.5585061011    1.4789187328    0.2658650881   -0.5870998327   -0.4662772657    0.6059827167
  -4.1879044076   -1.9516151740    2.8487463013    0.0761179013    0.6520823986    0.7015439469    0.2771835152
  -3.6258159750   -1.4028138806    4.3834430790   -0.1478416868    0.4522325842   -0.7298287401   -0.4908956463
  -2.9556613630   -0.7472897760    2.6357463132    0.0277910141   -0.4172977135    0.7841265722   -0.4585147726
  -2.5685103313   -1.4048325450    4.1242802611   -0.1314267647   -0.5378365132   -0.5540921091    0.6216436482
  -3.9611667366    0.0601840595   -3.9414928258    0.1845577685    0.4999614456    0.5777228253    0.6182340335
  -3.7729450079    1.6926343157   -2.8223872241   -0.0887349713    0.5200896976   -0.6637836187   -0.5301170804
  -3.3270471187    1.6128331546   -4.0625329252    0.3221937337   -0.2895377358    0.6907968024   -0.5789290763
  -2.8124438612    0.8509044597   -2.7970552705   -0.0132712151   -0.4798711319   -0.6060643979    0.6342188244
  -4.1770894487    0.4534675018   -1.6714623805    0.0326709573    0.5398166983    0.7257146663    0.4252866844
  -3.8920435686    1.5721317651   -0.2962266275    0.0841810591    0.5904239681   -0.5425169237   -0.5915982376
  -3.3161308947    2.1081447945   -1.5306783590    0.2649445730   -0.4482705294    0.4825377315   -0.7042834965
  -2.7553072668    0.8241898962   -0.4050969937   -0.0261777049   -0.5134782261   -0.7223951026    0.4623852883
  -4.1709864563    0.3214275430    0.3437645303    0.0582575776    0.4933956790    0.4056148192    0.7672309803
  -3.8270605130    1.0949194071    2.0348041805   -0.2930293072    0.5368705404   -0.5971076295   -0.5190051318
  -2.8847428167    1.7609471160    0.6845846272    0.1481048973   -0.5758799103    0.6712195803   -0.4425963662
  -2.6150540155    1.0909006461    2.0810278829    0.1076596673   -0.4024026357   -0.6465075124    0.6391475191
  -4.1295437283   -0.1090236445    2.8829209044    0.1946877771    0.5773186727    0.3329968838    0.7196616531
  -4.1930857571    1.6502197588    3.9658009482    0.1371782067    0.5342603246   -0.4514516818   -0.7013839349
  -3.1098435230    1.9696634801    2.9821974832    0.0040539039   -0.3989813180    0.5212997235   -0.7543500991
  -2.8333070998    1.1621617999    4.2784931148    0.3199224779   -0.4871829446   -0.5875562851    0.5613198718
  -4.2028295435    2.9035908122   -3.9981627574    0.2462768067    0.5163294224    0.5968928037    0.5625572353
  -3.9800563017    3.8340555217   -2.7968302541    0.0638924025    0.7024779740   -0.5149340978   -0.4871194227
  -3.0828167215    4.4059195553   -4.0937525902    0.0841812160   -0.5490166990    0.6967480938   -0.4539121952
  -2.8079775006    2.8569412939   -2.5222614418    0.0812939221   -0.4447950231   -0.8394566343    0.3014319905
  -4.4789995443    2.9235994101   -1.8918923221    0.1229192077    0.4270582021    0.5941281608    0.6704654271
  -3.9773754071    3.3576245010   -0.7131954946   -0.2278879899    0.5378631303   -0.6931833051   -0.4222170327
  -2.9441676639    4.5852629913   -1.6415253535   -0.0765147264   -0.6684881366    0.4025631483   -0.6206545089
  -2.8691011141    2.9880285691   -0.6765632448   -0.0835336936   -0.4798200568   -0.5626486036    0.6679980420
  -4.2364889514    2.2835670749    1.1413164207    0.1420612786    0.5464417909    0.5562874759    0.6097246973
  -4.1339718493    4.0350725497    1.3703775143   -0.1855307318    0.4244121542   -0.6875058228   -0.5592749007
  -3.0639914984    4.2477281933    0.2586954911   -0.0521153950   -0.6208688586    0.5785458052   -0.5263939564
  -2.5660570365    3.1317991010    1.8112511267    0.0869652764   -0.4481644526   -0.6913074124    0.5600711792
  -3.8979955505    2.8619978680    2.8328725516   -0.1671279137    0.5537401961    0.1831331918    0.7949228200
  -4.0297524789    4.1639242758    3.9636485811    0.1786473130    0.5352376767   -0.6280778295   -0.5358395349
  -3.2713578452    4.3644422720    2.8057444585    0.2097886351   -0.4125156942    0.5544929117   -0.6916336758
  -2.9900977186    3.0343834167    4.1157157957    0.0263906632   -0.5825978669   -0.6036772544    0.5435595928
  -1.7849154839   -4.4165565713   -4.0790326000    0.0297175008    0.5740366633    0.5181322078    0.6333543989
  -1.9656300066   -3.0559034656   -2.8598460191    0.2902705451    0.4098246843   -0.7618682140   -0.4090764761
  -0.9495553126   -2.9813887181   -4.0760021835    0.0335749473   -0.4137959626    0.6025603552   -0.6815912578
  -0.5190602948   -3.5398092421   -3.0311262500    0.1633124106   -0.5088283518   -0.5616474597    0.6316445962
  -1.7458798862   -4.1822355497   -1.8712232265    0.0696400815    0.5257530589    0.4417083775    0.7236212334
  -1.3269397503   -3.3831406749   -0.4754515747    0.1733859579    0.5442091800   -0.5285469649   -0.6280221206
  -0.6293891085   -2.7289667995   -1.8083742189   -0.0308022994   -0.5054811480    0.7593011007   -0.4086586177
  -0.2021259314   -4.1109121510   -0.5279402190   -0.1482161364   -0.5167939418   -0.6501400037    0.5369115143
  -2.1957832613   -4.1848312252    0.5578761853    0.1950425795    0.3974285282    0.7149258741    0.5411930817
  -1.6064393680   -3.4023269489    1.5764381499    0.0785362878    0.5504574641   -0.6691510629   -0.4930167205
  -0.4522936756   -2.9668468967    0.6182804159    0.1231985776   -0.5720071131    0.6320536244   -0.5080730153
  -0.2402723787   -3.5151795380    2.1383428313   -0.0719258761   -0.6483519807   -0.4565367526    0.6050128685
  -1.7010023758   -4.2468461962    2.6108035458   -0.2074366967    0.2459049956    0.6630848814    0.6758840064
  -1.9369333171   -3.2444305346    4.0703819187   -0.0173427648    0.5088104977   -0.3615185168   -0.7810988849
  -1.0879016263   -2.6193748866    3.0614449895   -0.0190680970   -0.4575833045    0.6404393791   -0.6165154733
  -0.4723462017   -3.6047225919    4.2197804898    0.0937006224   -0.4947935803   -0.6321875673    0.5888449593
  -1.6860192698   -1.9563023926   -3.8096665282   -0.0538352760    0.6429875020    0.3110263316    0.6978047409
  -1.1329250920   -0.8117587240   -2.4925840962   -0.2082698793    0.2659302399   -0.5506260090   -0.7633582141
  -0.9461865138    0.2137470450   -3.7764643540    0.1432851258   -0.5318093375    0.5230335449   -0.6504491619
  -0.3812664336   -1.4984731693   -3.0028307046    0.1813817715   -0.4428615496   -0.4175538386    0.7724138093
  -1.8734637155   -2.2403882805   -1.7065194036    0.1364294165    0.6394716048    0.5454442388    0.5243602419
  -1.8022912831   -0.4080690345   -0.4131767468    0.1879670899    0.5252674697   -0.6558045779   -0.5086087043
  -0.6559643676   -0.2527630205   -1.4326542222   -0.0048342385   -0.4719008428    0.4660103100   -0.7484120628
  -0.9252318874   -1.9053464655   -0.8359536705    0.2329579989   -0.4086949980   -0.4436768265    0.7627908252
  -1.8118758148   -2.0053247384    0.5334858942    0.1591037650    0.3544181235    0.7138173487    0.5826993894
  -1.5059792537   -0.7986873652    1.5904349422    0.1296517645    0.4178670549   -0.5633058943   -0.7009022856
  -0.7463799071   -0.4991864446    0.2794024645   -0.2366784687   -0.3369215804    0.8109952065   -0.4156367720
  -0.6449829486   -1.8786025109    1.4519378042   -0.0009942575   -0.5593871616   -0.5359594654    0.6323230712
  -1.8269541953   -1.8644313266    2.6257812597   -0.0468165024    0.6056121139    0.6691236587    0.4281538414
  -1.3748392464   -1.1548126226    4.2985882999    0.0105376811    0.6911335972   -0.5686228389   -0.4459723930
  -0.6825421644   -0.7833598794    2.8454962121    0.1345829857   -0.4913079798    0.6966315210   -0.5051815643
  -0.2012648683   -0.9881152203    4.4147253570   -0.3365446711   -0.3871744612   -0.5385433818    0.6684344747
  -1.9801283814    0.5280517854   -4.0801744731   -0.1361332656    0.3490797165    0.6388516433    0.6719223642
  -1.5747169389    1.4526059268   -2.8134110381    0.1906220066    0.5355818653   -0.5315993630   -0.6278673693
  -0.9645819819    2.1110022223   -3.9889877934    0.0382113693   -0.6096186530    0.5804534100   -0.5384968227
  -0.2172513597    1.2502144723   -2.8930424666   -0.0234118698   -0.5665785119   -0.6054994213    0.5584005059
  -1.9416171515    0.5384501693   -1.5303432937    0.2471133387    0.5215016163    0.5885925528    0.5661535736
  -1.4747539115    1.4668281816   -0.4312453264    0.2148760164    0.4722240217   -0.5649217997   -0.6416355127
  -0.5608149862    1.5996121851   -1.5951876726   -0.1349499458   -0.3809231252    0.5509250652   -0.7301833040
  -0.1180488023    1.1037851277   -0.4107293872    0.0849446006   -0.5884551499   -0.5142123889    0.6181347511
  -2.2075679754   -0.0162327487    0.7812475138    0.1858243537    0.4325960859    0.5223848708    0.7109458368
  -1.8954202119    1.6556827090    1.5135183538   -0.0701712628    0.4646046961   -0.7435205796   -0.4758104853
  -0.8042352306    1.7190842408    0.6165426707    0.3378404872   -0.4149527882    0.5888895116   -0.6057120866
  -0.5872035477    0.7809937070    1.9339469683    0.1127601098   -0.4716233605   -0.4779385021    0.7324147402
  -1.7374044921    0.2449889930    3.0077606339    0.0661705862    0.4870976115    0.4657326525    0.7358331786
  -1.8346543357    1.9300434211    3.9889543058   -0.1772494805    0.5318249944   -0.6379780050   -0.5279477836
  -0.8090997931    1.8647656596    2.9229236534   -0.2663748312   -0.5883047655    0.6290920593   -0.4326489722
  -0.8507783471    0.3805506813    4.1792578679    0.1333148243   -0.3796157737   -0.7487968281    0.5267089635
  -2.2427576836    2.9934902119   -3.9092161986    0.1783895919    0.4316577753    0.7108632943    0.5258536824
  -1.7405643714    3.2221994140   -2.6931205076   -0.0245951626    0.6262906942   -0.5288390998   -0.5722623968
  -0.9567958698    4.2839706761   -3.9314360996   -0.2425320194   -0.3175073098    0.7223843974   -0.5643829464
  -0.4333522758    3.2007878459   -2.7019650068   -0.0177515853   -0.4092146649   -0.6230174221    0.6663914248
  -1.7790035482    2.2845638906   -1.5799955259    0.1755789193    0.5856640350    0.5407407784    0.5777275238
  -1.6896018364    4.1081851195   -0.6684567600    0.0690786081    0.5616738907   -0.5335276669   -0.6285688627
  -0.7645736784    4.3238069143   -1.9014004721   -0.1732371217   -0.5269967285    0.3553421190   -0.7523266088
  -0.6075512297    2.9731361864   -0.5583604084    0.1988081859   -0.5148637440   -0.6245148139    0.5526046304
  -1.8320659892    3.0171594472    0.4221080288    0.0921817983    0.5219034764    0.6909074079    0.4916972963
  -1.4059192184    3.3659575958    1.6329041268   -0.0263840593    0.5046754620   -0.5163474027   -0.6913695967
  -0.7450716204    4.6389124076    0.6168969785   -0.1040052568   -0.6660648407    0.5027183737   -0.5411236192
  -0.3973297104    2.8353010046    1.5097689433   -0.0503411366   -0.4151305801   -0.5550320920    0.7190770114
  -1.8770392573    2.7675232454    2.9766393559    0.2879152250    0.4571780142    0.5634789046    0.6249676877
  -1.4931457733    4.1626375419    3.9679905531    0.0718663185    0.1527246102   -0.7666344615   -0.6195014352
  -0.9425167823    4.4832427375    2.9664932299    0.3072125347   -0.4171115622    0.6946621204   -0.4990820992
  -0.6799325190    3.1750296861    3.8791896672   -0.1094657017   -0.6062794915   -0.2748977708    0.7381555757
   0.1718392848    4.4256122956   -3.8919715547   -0.0402740451    0.6068779082    0.5751832689    0.5470296272
   0.7129046475   -3.1287245780   -3.1446843013   -0.1030281569    0.4686018455   -0.6221631288   -0.6186360404
   1.7124181539   -2.8367733442   -4.1643120083    0.0660279914   -0.5141795232    0.6532133295   -0.5518804839
   1.8359155523   -4.2605459084   -2.6632890774   -0.1565900938   -0.4560691513   -0.5702279581    0.6650718364
   0.3878223388   -4.2555996214   -2.0920206123    0.0486078102    0.4859569329    0.5101918771    0.7079458939
   0.6768753315   -3.5210519107   -0.7318184558   -0.2298255391    0.5843394906   -0.6987720155   -0.3427028621
   1.9129852388   -2.8923522578   -2.0628949642    0.1142829561   -0.6050650593    0.6288218506   -0.4747828558
   1.9522692056   -3.6296108371   -0.4075190983    0.1272917193   -0.4532948935   -0.6264252335    0.6212181457
   0.4153826334   -4.3822319844    0.8060253263    0.0934583357    0.4620531486    0.6008145951    0.6455960422
   0.8768855608   -3.2967420375    2.1531178356   -0.2612143069    0.5410954870   -0.6532052512   -0.4607663829
   1.3602009514   -2.8760816867    0.5350983729   -0.0176792878   -0.4117193956    0.5913413287   -0.6931738707
   1.8984434833   -3.7203702796    1.7060306019    0.0335984969   -0.4583625998   -0.7597122291    0.4600132575
   0.3796041815   -4.4398159498    2.9453391438   -0.0415800125    0.6126922721    0.1712245641    0.7704293809
   0.6467350296   -2.8416486627    4.0371826881    0.0501127658    0.3864030796   -0.5965688281   -0.7016316728
   1.7802533865   -2.4228889522    2.9231524364   -0.0921279119   -0.4468247487    0.4666093452   -0.7577175007
   1.4100563115   -4.0304084974    4.0238449218    0.2344615106   -0.4641274668   -0.4620086176    0.7184438266
   0.2913977932   -2.2183417389   -4.1371707081    0.1312651464    0.5386988923    0.6175406611    0.5578678129
   0.7673280793   -0.6686587503   -3.1335540905    0.0994938560    0.5402116703   -0.5364135773   -0.6407283340
   1.9370188631   -0.3188353751   -4.1877831030    0.2322651957   -0.5900212886    0.4247963872   -0.6461236626
   2.0134291691   -1.9592419092   -3.0883629815    0.2841049560   -0.2936620008   -0.7863076292    0.4634299468
   0.5629136160   -2.0361096533   -1.7790367045    0.0562927848    0.6462380402    0.5822156317    0.4901351609
   0.7760939703   -0.8931759675   -0.2897608355    0.0711362545    0.5423109840   -0.6385813159   -0.5413430825
   1.3307664225   -0.5839867567   -1.7945249303    0.0629376316   -0.3598391878    0.7161035675   -0.5947691100
   1.6910077285   -1.3209734300   -0.8379750736    0.0318457744   -0.5184813478   -0.7220605817    0.4569370361
   0.5784481069   -1.9296124121    0.5739656103    0.0123919027    0.6207491154    0.3846872807    0.6830319703
   0.8944269745   -1.2582559961    2.0383011736    0.1918325313    0.6318216519   -0.4643654862   -0.5902256987
   1.5694770513   -0.4021925348    0.8776357771    0.0716999163   -0.5185299058    0.6445012738   -0.5573185507
   2.2774761085   -0.9686200524    1.8506071816    0.1403294930   -0.5130358821   -0.5678617295    0.6281997082
   0.1707386052   -1.9878522753    2.9806423274    0.0503118267    0.5741529515    0.6553443809    0.4882016498
   0.7869257834   -0.7139808673    4.0775507570   -0.0627216358    0.4954918357   -0.5536284883   -0.6663702681
   1.7322035957    0.2190168840    3.1331991824   -0.1801969304   -0.6444003804    0.5984172370   -0.4406518201
   1.6800437673   -1.3448208896    4.0553631808   -0.1295141786   -0.5326627259   -0.3901752419    0.7397700850
   0.6602741209    0.6849722317   -4.1988657470    0.2265579210    0.4044115393    0.7079598991    0.5328373078
   0.8974071551    1.0830641814   -2.8897781055   -0.1576116259    0.4888649161   -0.6463057569   -0.5643213073
   1.4530436378    2.1939941447   -4.2870084634    0.1061014608   -0.4174620705    0.6717912099   -0.6026312886
   1.8419837386    0.6879849722   -3.1601680096   -0.2352294777   -0.4639895253   -0.7322630755    0.4395129139
   0.5932837924    0.3469648785   -1.4882855799   -0.0996523088    0.6083047925    0.2378729454    0.7506338379
   1.1154588952    1.9180904399   -0.6843861692    0.1411046190    0.3776841883   -0.7651856326   -0.5019313580
   1.9329440851    1.7200751490   -1.9864227743   -0.1903291825   -0.5940157441    0.2971382921   -0.7229307944
   1.7768900951    0.5306122854   -0.3525522501    0.2706725867   -0.5175928913   -0.4936453886    0.6443199360
   0.2561485462   -0.3281012797    0.8753870746   -0.0497480122    0.5857372116    0.5470204718    0.5959913234
   0.4788872819    1.3443536277    1.5991046613   -0.1445196092    0.3970046247   -0.6919693405   -0.5853886250
   1.5229614967    1.6029609776    0.6265325555    0.0823857751   -0.5108540722    0.6904730277   -0.5054579103
   2.0265140163    0.7343919356    1.8850028271    0.1305175739   -0.5201778277   -0.5866528414    0.6068102127
   0.2946588052    0.4031476777    3.0698744294    0.0966793917    0.4615831643    0.6481925371    0.5978632892
   0.5150008125    1.3608388038    4.0258447304    0.3033277635    0.5239392215   -0.6258867654   -0.4916764353
   1.4332181041    2.1255235671    2.8138110716    0.0891367209   -0.5451899275    0.6280995707   -0.5480086835
   1.8883266266    1.3400624305    3.9213233106    0.1466323833   -0.5635706594   -0.5714795612    0.5781852360
   0.2091270945    2.7399419451   -4.3194036353    0.0546601956    0.6422280818    0.4058164252    0.6479725172
   0.6859283267    3.2597300668   -2.9980569541    0.1375478354    0.4969089843   -0.6397872409   -0.5699424011
   1.4278841580    4.4244264261   -4.0539509235    0.1360488365   -0.5768650884    0.6345868267   -0.4960009509
   1.9074634802    3.2930690168   -3.0071240985   -0.1228701315   -0.6961392311   -0.5679516342    0.4215732950
   0.5707486696    2.5305910603   -1.6627483068    0.0711688933    0.4315236492    0.5929945246    0.6760767876
   0.7671704213    3.7890453246   -0.3527415867   -0.0843640159    0.3946855180   -0.6722797519   -0.6206013132
   1.2142589489    4.2082147356   -1.6251964754    0.2458458394   -0.2947457401    0.7432809464   -0.5479217159
   1.7928718844    3.5564634529   -0.5742410434    0.0715765185   -0.5323334901   -0.6526581680    0.5343549131
   0.5228101481    2.4110959982    0.3789150625    0.0373886893    0.5249736404    0.6827972285    0.5067471832
   0.6178966342    3.5722345055    1.6073029085   -0.0210861723    0.7325963856   -0.2879724667   -0.6163844317
   1.5562103180    4.2390643608    0.9193699780   -0.1075744476   -0.5078689067    0.5082121131   -0.6871807331
   1.9316575617    2.7488961185    1.8560521569    0.0680098722   -0.3947228572   -0.7157558822    0.5720682130
   0.1306687914    2.3583799497    2.9917802019   -0.0680001894    0.5632079583    0.5452591164    0.6171428247
   0.6163166295    3.5950964833    4.0585260282    0.1356595128    0.5729762911   -0.6017948313   -0.5395717260
   1.4117426973    4.1123990679    2.7361826939   -0.0324607059   -0.5559912617    0.4827011702   -0.6758843095
   2.0291908604    3.5639260301    3.8983902156    0.1521274851   -0.4547812899   -0.5514636923    0.6825825978
   2.6346857291   -4.4617029456   -4.3652900572   -0.1453301235    0.5483359898    0.6905859134    0.4486623382
   3.0068869049   -3.4637985074   -3.2259172060    0.1622467229    0.6841617762   -0.4244180443   -0.5704980180
   3.8040155735   -2.8015551929   -4.2215717274   -0.0592558521   -0.5259370905    0.5267295325   -0.6651578162
   4.2217830780   -4.0268755434   -2.8299380562    0.1896556559   -0.4549167931   -0.3864091593    0.7795956677
   2.7491611893    4.6378539158   -1.6133179712    0.0936392277    0.6261425082    0.5082434623    0.5838371669
   2.5617023726   -2.7235904322   -1.0078160257   -0.0195684934    0.6116138309   -0.6076619156   -0.5062534862
   4.0991679601   -2.9874762920   -2.0830431419    0.2196191556   -0.4504109444    0.7924383933   -0.3477625635
   3.6747091307   -3.7812589828   -0.5257895113   -0.2094462033   -0.5652473165   -0.5614992344    0.5668742090
   2.7337648276   -4.6016524529    0.4701007604    0.0577959912    0.7056883964    0.3447236250    0.6163027933
   2.9744916559   -2.8794692259    1.6897434298    0.0499500221    0.3846169169   -0.5427776149   -0.7449612630
   3.5220614581   -2.3110189493    0.3662775251   -0.1194073817   -0.6097831940    0.6474193503   -0.4413100025
   4.0941136063   -3.6205510332    1.3584277706    0.0855800351   -0.5700970458   -0.5178290460    0.6320747544
   2.5082408152   -4.2005381566    2.8563749386    0.2349049190    0.3851876279    0.5181189170    0.7266381205
   2.6853189613   -3.1474858983    4.1307511140   -0.0285457722    0.3978153450   -0.6281287188   -0.6681185545
   3.7964700296   -2.6807886440    3.1280701672    0.1358238841   -0.4135861855    0.7711056442   -0.4646444072
   4.1479313455   -3.6259961783    4.0905167098    0.2215556529   -0.5437781835   -0.5604212085    0.5840774341
   2.8777396074   -1.7229147947   -3.9879386310    0.2197928743    0.5450535997    0.4387798847    0.6797645760
   2.8986075558   -0.6307769918   -2.7554141152    0.2111825874    0.5371591146   -0.6214890465   -0.5297295211
   3.7986668527   -0.1615706670   -3.8248090452    0.1506013882   -0.4858169206    0.5762971369   -0.6396739416
   4.1572853730   -1.6998585627   -2.9224607197    0.1630418631   -0.3667682197   -0.6015199442    0.6907041195
   2.9848793700   -1.8575357952   -1.8881243854    0.3164550739    0.3852809360    0.6381812379    0.5866340376
   2.9336104049   -1.0168749147   -0.6051854325   -0.0495331760    0.6322099035   -0.5404890383   -0.5529273929
   3.8864519866   -0.0182666469   -1.7229130939    0.0180058105   -0.4974127024    0.6026051197   -0.6237976147
   4.0960120335   -1.8002748589   -0.6420889723   -0.0586621073   -0.4950354060   -0.6739935122    0.5451893703
   2.3839077376   -2.3266362472    0.6468779461   -0.0227713867    0.5043419648    0.6704476567    0.5437100202
   2.9767297565   -0.4609646209    1.1448084580    0.0164349895    0.5318995248   -0.7782647208   -0.3333418832
   4.2362866819   -0.6906473466    0.2505272178   -0.1074413489   -0.5904409585    0.3455553038   -0.7214065172
   3.8561224498   -1.5370150607    1.8840488538    0.1911824660   -0.5294708455   -0.6662890646    0.4890488431
   2.7376447624   -1.7870285860    3.1945715872   -0.1010153642    0.4269772752    0.5562412668    0.7057492160
   3.1365652929   -1.0639334501    4.2913018798    0.1313774028    0.5094246017   -0.6797368714   -0.5110619716
   3.8473525655   -0.4843564473    2.9555599676   -0.2518841513   -0.4355317514    0.5792023462   -0.6413977783
   4.4641647390   -1.1270900167    4.1431835222   -0.1277679861   -0.6429329707   -0.5357881648    0.5322063316
   2.9323025438    0.7866571567   -4.4485201729    0.0663569416    0.5254070245    0.5702162682    0.6280108458
   3.0056244301    1.0782456021   -2.9542873635    0.0323903503    0.5254636243   -0.5605378717   -0.6392465403
   3.9732747165    1.6983251491   -3.9100771951    0.1272332482   -0.4881363677    0.7007448764   -0.5044712135
   4.3518270724    0.6546158819   -2.8375381365    0.2489435317   -0.5303960461   -0.6537436944    0.4788802924
   2.5502822340    0.1182748474   -1.6385171638   -0.0204978429    0.5804833801    0.6002006937    0.5498890899
   2.9008066884    1.7947828151   -0.7912573905    0.0589856405    0.5263189869   -0.6676488014   -0.5232151530
   3.9021144084    1.8401674084   -1.9037576741    0.1365802718   -0.5018426813    0.4376678474   -0.7334484358
   4.1119810616    0.9543060761   -0.6340146376    0.1126571107   -0.5814548576   -0.5847386038    0.5543459112
   3.0211381622    0.6924945145    0.5041275019   -0.2359455215    0.2456943849    0.8828697910    0.3232721953
   3.2035275376    1.7193464828    1.8397168092    0.2000075676    0.5296147264   -0.7150210447   -0.4101830325
   3.8769509575    1.6747610385    0.6220604592    0.0761351976   -0.5183464116    0.7855636260   -0.3292570711
   4.3165108821    0.9790117629    1.9134207414   -0.1486270416   -0.6040567777   -0.6073757897    0.4940850756
   3.0100085241    0.1970092157    2.9427582795   -0.0513133457    0.5999132462    0.5492293531    0.5794981927
   3.2140337263    1.9179394899    3.9427032725    0.0275986691    0.4656989799   -0.6096791958   -0.6408229489
   4.2589282980    2.2699659889    2.8200193701    0.0903441930   -0.5752325492    0.5713351452   -0.5783784168
   4.3050345295    0.5924070965    4.2036045655   -0.1000958468   -0.3599349793   -0.5198721448    0.7682190998
   2.9014697501    2.7683770233   -4.2585295097    0.1979319188    0.5605770790    0.5942031014    0.5417554507
   3.1396616188    3.9906642730   -2.6476693826   -0.0381787121    0.4054170879   -0.6959126087   -0.5915107876
   3.5315294623    4.2454173838   -4.1385581490    0.0654833253   -0.4928629852    0.6106919638   -0.6163224297
   4.0623138264    3.3207122113   -3.0218620828    0.0895524373   -0.4353926323   -0.6434968091    0.6231576634
   2.7879395189    2.8221402362   -1.8533295107    0.0108085410    0.4999523477    0.5319535545    0.6833419651
   3.1899342567    3.5638201785   -0.6759271022    0.1054924541    0.6463862049   -0.5727377871   -0.4929783399
   4.1927642923    4.3865229637   -1.4934262501    0.1603095294   -0.5385125901    0.6854139020   -0.4631552958
   4.5452778935    2.9526274798   -0.2618456080   -0.0012553901   -0.5369640394   -0.6926712199    0.4815336184
   2.7488874743    2.6734148261    0.5584708892   -0.0018533546    0.6698499447    0.5740198608    0.4709552166
   2.7796142685    4.1305605274    1.9046503251    0.4219499925    0.4075827486   -0.7077647950   -0.3935778220
   3.8039290302    3.9039019547    0.5801061252   -0.0560104078   -0.3046831684    0.6441098605   -0.6993950877
   4.1731314916    3.8374033811    1.6681508191    0.0111798605   -0.4966090321   -0.5387948527    0.6804076621
   2.7890268979    2.4964506168    2.9715515601    0.2257190992    0.4644143676    0.5887206546    0.6219149253
   3.1779326576    4.2306753090    3.7184507529   -0.0224055957    0.3953291013   -0.5494917991   -0.7357116648
   3.8055756533   -4.4093554273    2.5485345020   -0.0398422190   -0.6801019123    0.5859386166   -0.4388051094
   4.1207299410    3.2378854816    3.8500710354   -0.0176892525   -0.6161391351   -0.3529465632    0.7039093550
