            256
     9.28317767
  -3.8435941891    3.8614006637   -4.1018220381    0.0688393950    0.5833798400    0.7107052231    0.3870751682
  -3.9554862971   -3.3649133649   -3.4268842798    0.0273444154    0.4456541052   -0.5806060144   -0.6808387162
  -2.6784024782   -3.0362507006   -3.7233282237    0.6809531927   -0.1621864258    0.3417406844   -0.6270658795
  -2.7221915920    4.1266556159   -3.2312013822    0.3176238415   -0.5209042659   -0.5464903111    0.5736917125
  -3.0753243802   -3.9619614279   -2.2483572078    0.1709505236    0.5334622388    0.7147578838    0.4187064912
  -3.8465507998   -3.4430653114   -0.6139361309   -0.0485084575    0.4614203239   -0.5446939796   -0.6986033803
  -2.0195405725   -2.8614719430   -2.3134933732    0.8556383913    0.0814024311   -0.1556198736   -0.4868665552
  -1.8754753589   -4.4871735045   -1.7983008136   -0.0016491857   -0.4629746872   -0.8853553420    0.0423985577
  -3.8852354871   -4.3410351349    0.3062380256    0.1758395835    0.3321465195    0.9243892567    0.0652964976
  -3.1407399117   -3.3415848057    1.4643166911   -0.0488698005    0.3017995674   -0.5006759516   -0.8098471184
  -2.4320963693   -3.6826001426   -0.1009023465   -0.2851490771   -0.4408573333    0.7594867883   -0.3840763386
  -2.1542575057    4.3892594343    1.0135271297    0.2180759693   -0.6490956538   -0.7112913795    0.1586892480
  -3.6246000833   -4.4069420921    2.1172139149   -0.3164260612    0.2348682001    0.7386209731    0.5469465555
  -3.5107986402   -4.1788625911    3.7213028220   -0.0967606017    0.6496997661   -0.7061529448   -0.2643399676
  -2.8377145265   -2.9031404957    2.8027968613   -0.5486391070   -0.5233698397    0.6494069390   -0.0578771871
  -2.0755670674    4.5816604498    3.7512865258   -0.2130304486   -0.2040564762   -0.8855974723    0.3587423862
  -3.9409967534   -2.2646849878   -4.2868444688    0.0761185742    0.4697234289    0.6026797727    0.6405801704
  -3.4709526846   -0.8795386415   -3.1202357612   -0.3030358707    0.7323867920   -0.4904522722   -0.3622642913
  -2.1795533916   -0.5348080255   -4.1087037975   -0.4642128781    0.0893693724    0.2473198194   -0.8457850945
  -1.4108361279   -1.6535185956   -1.9496879274   -0.1484696026   -0.1961187770   -0.5906355327    0.7685335842
  -3.2727071964   -2.0330963807   -2.2283282920    0.1020583781    0.4525717810    0.7585066573    0.4576357956
  -3.0828863345   -2.7472023129   -0.9696977677    0.1231202387    0.7089502737   -0.5503148580   -0.4235380424
  -3.0543164536   -0.4789448090   -1.2606695681   -0.4360421864   -0.2119084719    0.6353416502   -0.6010848516
  -2.1506565120   -1.7096274968   -1.1240926338    0.2304414947   -0.6482482621   -0.6128344471    0.3887220714
  -3.8004810127   -2.2369984041    0.5412270190   -0.1093371923    0.7786679428    0.5341872578    0.3104280706
  -2.8904069605   -0.9172368551    1.2122757781    0.4085752172    0.4873456526   -0.3836769572   -0.6695912928
  -2.6852389731   -0.8942212711    0.0795883328    0.0319545712    0.1074174664    0.9185299037   -0.3791348169
  -2.4291704657   -2.5888299936    0.9165308609   -0.4078969797    0.0715327411   -0.8604100210    0.2969810041
  -3.7523840746   -2.1745304270    3.1225006612    0.0526017518    0.5846819237    0.7969956696   -0.1420493101
  -2.9938248184   -1.1941084569    4.3225389322   -0.5024523932    0.3939752885   -0.7692932243    0.0226494971
  -2.3190483814   -1.0913327460    2.3679233036   -0.2530013740   -0.3536280051    0.8771549797   -0.2038054965
  -2.5014197563   -2.1945518997    4.3047063259   -0.4112287295   -0.5530299774   -0.2966290592    0.6611051183
  -3.5237760776   -0.2647704477    4.3223580245    0.0776415949    0.8011207417    0.4361828056    0.4023952039
  -2.3909077140    0.4370565812   -2.5549974946   -0.0107696146    0.3977148247   -0.6420934356   -0.6553037110
  -2.5878978332    1.4539071745   -4.2966311571    0.6080448690   -0.3111741499    0.6132522619   -0.3967036034
  -2.2321958335    0.8759574366   -3.4004436792    0.3938672425   -0.4856123827   -0.6916937704    0.3613985847
  -3.5938756888    0.2650279269   -1.7176237204    0.0498770842    0.8945734745    0.4342003935    0.0933841182
  -3.0475763828    1.6302877416   -0.2826715104    0.4958593962    0.6803869737   -0.4431760144   -0.3078831686
  -2.7744460899    2.0938288468   -1.5785617340    0.5527441781   -0.0095741980    0.2323294151   -0.8002532419
  -1.9384349835    0.4942707082   -0.7811647432   -0.1928456028   -0.4501033609   -0.5929009171    0.6392855704
  -3.1229375729    0.3772370577    0.4106332733    0.1435142884    0.0401570999    0.0666354549    0.9865854107
  -3.5605733536    0.2541553960    2.2627571618   -0.2638201628    0.3864423538   -0.8161897967   -0.3389623056
  -1.8986923713    1.3486089362    0.5770943040    0.4014478697   -0.6351778930    0.4744389038   -0.4585808313
  -2.0966060869    1.0420722636    1.7359921343    0.1818673700   -0.1957919653   -0.5474038868    0.7930565874
  -3.4453375977   -0.8216521306    2.5180261307    0.0066116073    0.7079431445    0.4606674238    0.5353114191
  -3.6195747492    1.5629860959    3.9050799511    0.0162737163    0.7282353068   -0.5769148265   -0.3695643207
  -2.0997198862    1.5067777715    3.0326543510    0.1580648756   -0.1750049610    0.9626565936   -0.1329700780
  -1.6523428002    0.2043549949    3.9764960195    0.0885574402   -0.2436122878   -0.5694204061    0.7801096296
  -3.6242175086    1.6241180119   -3.7395042649   -0.6441210351    0.5684333568    0.4776988852    0.1838352147
  -3.4650783544    3.2358692463   -2.9205338081    0.1715672787    0.7673947438   -0.2370857988   -0.5704912796
  -2.5581987618    3.9521735165   -4.5145938619    0.0895303056   -0.6780272156    0.6626035940   -0.3053193352
  -1.9442677130    2.0671197361   -2.4930431960    0.0815384431    0.0297992589   -0.3619496049    0.9281465240
  -4.1534942103    2.7192943873   -1.8422657277   -0.2629966942    0.1682156292    0.7295949957    0.6084631322
  -3.1620766201    3.1563891927   -1.0265983765   -0.0013218612    0.3182418715   -0.7912851670   -0.5220997495
  -1.8609923923    3.6393249691   -2.2711709798   -0.1759469651   -0.2156939922    0.6743186357   -0.6839686724
  -1.6296969980    2.2793656276   -0.7853706614   -0.6863706662   -0.3810392145   -0.5256592037    0.3276992938
  -3.4215763238    2.1986982500    1.1239661304   -0.2813455344    0.5474018411    0.7172908227    0.3266340313
  -2.7171623681    3.1851699243    1.3734435883   -0.4679953781   -0.0374046282   -0.1943335684   -0.8612872251
  -2.8773840724    4.3329189312   -0.7717905763    0.1034670891   -0.7577357289    0.3330401115   -0.5515572598
  -1.9613411296    3.3039505975    0.2725914423    0.2501338477   -0.5507617017   -0.3500153368    0.7152509142
  -3.0678002062    2.3520469298    2.5158351699   -0.2079123171   -0.0491321568    0.6405254918    0.7376215791
  -3.7723497676    3.0930911992    3.9534360366   -0.1084830557    0.3837963978   -0.4747448522   -0.7845693577
  -3.3209771711    3.7778668327    3.0343931110    0.1964658504   -0.1971682782    0.3572300095   -0.8915786898
  -2.5805968252    2.2771247438    3.7758265303    0.2934999591   -0.7323902520   -0.5218472479    0.3242495068
  -1.6234486896   -4.5328997015   -4.1166855758    0.4963581166    0.4775543388    0.5615474910    0.4585137827
  -0.7297080120   -2.8596616079   -3.0765331009    0.5976078658    0.1498765304   -0.6269743532   -0.4767651675
  -0.6806958785   -3.1136304005   -4.3148976343   -0.0093659562   -0.5182279229    0.7044174655   -0.4849207493
   0.2216057753   -3.7882135248   -3.4274727931   -0.0472572697   -0.6952133207   -0.4224010925    0.5796744830
  -0.8690375799   -4.3284543032   -2.5925181181    0.2983133212    0.7240984388   -0.1771443338    0.5960792719
  -0.6815725291   -3.6935257941   -0.5856344834    0.2722390943    0.5282497437   -0.4186628328   -0.6867019122
   0.1263151897   -2.4075445600   -2.2268789593   -0.6765215661    0.2751136790    0.6515139259   -0.2053305597
   0.3343074162   -4.4598437409   -1.0961035712   -0.4384619563   -0.4594487104   -0.5120313577    0.5783440880
  -1.4608163855   -4.3943734046    0.2583554382   -0.0211821637    0.6027459392    0.7765174441   -0.1823987606
  -1.1628033667   -3.4928514772    1.5952194428    0.0869886008    0.6042719276   -0.5271976870   -0.5910592354
  -0.2863832896   -2.6879455832    0.6032207513    0.2928529248   -0.4788759535    0.3898591461   -0.7300170079
  -0.0149819363   -3.7290477917    2.0366136552   -0.3584687807   -0.5057005619   -0.3383742990    0.7080041729
  -2.0650866347   -4.3508757541    2.3004441598   -0.4152802493   -0.2909421279    0.4749084664    0.7192752890
  -1.7528498486   -3.5761287224    3.8983244817    0.3775620278    0.4954112563   -0.1514955866   -0.7675048466
  -0.8576795002   -2.6530275777    3.0636837348   -0.2085145010   -0.0708037556    0.7008543886   -0.6784627161
   0.4834395641   -3.6478500557    3.9616686174   -0.2962730809   -0.4126195147   -0.8062702800    0.3031429253
  -1.6303714490   -2.0578169780   -3.8358766676    0.1657167754    0.5769638807    0.4815091618    0.6385918554
  -0.9912734801   -0.5586305065   -2.8974410393    0.0890408199    0.3543217526   -0.0337841584   -0.9302615002
   0.5038606810   -0.1998753396   -4.0984416254   -0.3013284806   -0.3942501300    0.6743528194   -0.5468237895
  -0.4013303478   -1.3959321888   -2.9913251441   -0.0407908648   -0.6221007693   -0.2086732486    0.7535132471
  -0.7047614249   -2.9259448213   -1.5062462853   -0.5410480126    0.2295005175    0.6613422041   -0.4660719361
  -0.8061453929   -0.5500465625   -0.6081109581    0.6311951606    0.4007487357   -0.3636136295   -0.5556781879
   0.4766625416   -0.4610285850   -1.8104534031    0.1229099508   -0.4244054783    0.0760421071   -0.8938628150
   0.7207914888   -2.0038606153   -0.7610264039    0.3448954804   -0.4266149258   -0.5260889543    0.6498286119
  -1.4985716055   -2.1163751728   -0.0098188453    0.1321695294    0.3244484833    0.7412563387    0.5725412103
  -1.2803025251   -1.4734215774    1.2663180852    0.0687098967    0.5412357255   -0.5237088699   -0.6542720070
   0.3142741651   -0.6119988754    0.0474081717    0.0368513241   -0.6557784161    0.7124540354    0.2469937172
   0.0777931307   -2.1907837417    1.4285622836    0.2757275569   -0.6886879810   -0.3318835299    0.5826976075
  -1.6031093336   -2.2683714159    2.3635787924    0.2598499297    0.6982608076    0.5779453282    0.3330000844
  -1.3516748893   -1.4053510523    3.9791727709    0.3024908810    0.4224228489   -0.8239575156   -0.2261685571
  -0.2349445843   -1.1282994174    2.4719439282    0.1534386820   -0.4774010927    0.7192519571   -0.4808548531
  -0.1560932534   -1.5118713547    3.9038359535   -0.3678165649   -0.6586701891   -0.4104073951    0.5122795396
  -0.8058642474    0.1397867028   -4.2872877327    0.3049445077    0.2739687257    0.6646565840    0.6246451872
  -0.9912445486    0.9129374307   -2.9649127841   -0.1756267955    0.6828569084   -0.6344413471   -0.3167741284
   0.0516708025    2.1183700380    4.1945271845    0.0624572944   -0.6246575105    0.6881117681   -0.3638739831
   0.7465089723    1.1211644100   -3.7257635366    0.3258355828   -0.6322532826   -0.4412507812    0.5471605868
  -1.0464925112    0.2766499548   -1.5261411356    0.2744315202    0.7061251198    0.5428519919    0.3624725795
  -0.0607125145    1.2535992189   -0.2360962704    0.6141060918    0.4445236236   -0.5684085421   -0.3196626118
   0.4850370094    1.0081455337   -2.6661602943    0.3445655382   -0.1904395020    0.2745608259   -0.8772820178
   0.5654289137    0.7628503818   -1.0531497194    0.0064655869   -0.4910493399   -0.6415629270    0.5892586466
  -0.8697093237   -0.3668202807    0.5703045768    0.0656974438    0.4505685972    0.7806528227    0.4280805479
  -0.9558652510    1.9908703398    1.3805493668   -0.1797984673   -0.1139229994   -0.7962134180   -0.5663375799
  -0.1102838018    1.0731269005    0.8954515875    0.3015766969   -0.3080348667    0.4072289776   -0.8051897768
  -0.5324756635    0.1667084301    1.7566821063   -0.3932184857   -0.5687087329    0.1208607907    0.7122796283
  -1.6625752438   -0.1075370766    2.9593681055    0.0315120719    0.1300930897    0.8460925102    0.5159556586
  -0.8699214813    1.3305484709    3.6070986913   -0.6411180581    0.4285717149   -0.5572237387   -0.3078889832
  -0.6281343243    2.2321076837    2.3395340220   -0.6418877916   -0.4399878215    0.4864321236    0.3972084706
  -0.1177897209    0.2034653243    3.8077480366    0.0688287558   -0.6954272949   -0.6804586176    0.2204984120
  -1.5035816344    2.7743453848   -4.5434539424   -0.0171531814    0.1745913766    0.4727677476    0.8635474952
  -1.4647919256    2.6917260818   -3.5408606383    0.2872161597    0.5693605282   -0.3846756347   -0.6673530720
  -0.4507495165    4.2865700740   -4.3725607207   -0.3831754492   -0.4501197192    0.7960455839   -0.1299239850
   0.0314187377    2.4096474131   -3.5005253588   -0.1396119606   -0.2893752697   -0.5449826966    0.7744445197
  -0.3731774960    1.9955583793   -2.0942863251    0.6293033318    0.5669955027    0.5300751473   -0.0389070009
  -1.0805914536    3.5197732415   -1.1798832588    0.3781621984    0.5780514710   -0.1253499296   -0.7121356920
  -0.1871193112    3.6689677945   -2.1516565887   -0.4244520868   -0.4777113704    0.1593406008   -0.7524910934
  -0.2048841362    2.8063570312   -0.8382073435    0.7240644737   -0.1741935027   -0.5652017551    0.3548721428
  -0.4882291067    2.8349737958    0.2574451786    0.5908479697    0.3709245939    0.4095078921    0.5878919192
  -0.8081700319    3.9150780393    1.6815397503   -0.0151843253    0.5616340013   -0.4280769501   -0.7078748545
  -0.3708388546   -4.6299521723    0.4717331285   -0.1063370223   -0.7842092290    0.5202616900   -0.3209923625
   0.4694542497    2.6257337512    1.2641285724    0.4757280691    0.0321791775   -0.4684274358    0.7437896492
  -1.6236191584    3.2727912308    2.3238902250   -0.0700885469    0.4831754888    0.3368499324    0.8050845705
  -1.0240434215    3.3234871823    3.4860424292    0.3276793096    0.1887539226   -0.3517870334   -0.8562967417
  -0.7129909538   -4.4912719925    3.3839671197    0.6096669255   -0.1167659803    0.7404484771   -0.2576974942
   0.4026723773    2.8729231903    3.0732847650    0.0590147648   -0.5237470893   -0.4206429620    0.7384211146
   0.6093019933    4.3233889169   -4.5544967450   -0.0689409161    0.8398476487    0.4325725307    0.3205995676
   1.8133367564   -3.5855455317   -2.9447379033   -0.2746810988   -0.0079241187   -0.0422241994   -0.9605751503
   2.5385347496   -3.3704427443    4.5718719196   -0.2815047111   -0.6031648282    0.6302793328   -0.3996188812
   2.6429606893    4.5210251844   -3.3278526196   -0.1596319191   -0.4596335866   -0.2585553781    0.8345080784
   1.0501645864   -4.6364214761   -2.4582202198   -0.2860204483    0.2661078479    0.1313582377    0.9111113707
   0.9393382249   -3.3828053741   -0.6935260841   -0.0395249272    0.8466334629   -0.2718535372   -0.4557907568
   2.5987021875   -3.3433097994   -2.0859753281   -0.0185084762   -0.6854937762    0.5624099766   -0.4620072915
   2.6743756012   -3.2742127754   -0.7054143596    0.1754121820   -0.1715357493   -0.5719157591    0.7827633216
   0.8903242431   -4.3073388279    0.4864741331   -0.5310126218   -0.0507189074    0.6506318283    0.5404918241
   1.2853576057   -3.7477580741    1.5577032798   -0.0303330668    0.3029849169   -0.9415179544   -0.1443051862
   2.4151762162   -2.6147507275    0.1979097298    0.3517074930   -0.3066912211    0.5045670011   -0.7263982900
   2.5831243829   -3.4231870326    1.0737432012    0.1389157420   -0.3551801025   -0.8324873721    0.4018884007
   1.1221920145   -4.4920268735    2.5378669064    0.4630086950    0.7400156160    0.3653294099    0.3233175817
   1.5031638685   -2.9555983215    4.0620946265   -0.4562246540    0.2590186150   -0.6301403398   -0.5724435119
   2.3338993752   -2.8409978315    2.3848235355    0.0816653938   -0.6781909890    0.5054332342   -0.5271859176
   1.9598177290   -4.5608886090    3.5893177534    0.2551207912   -0.3193561393   -0.6855129977    0.6024922973
   0.7262639106   -2.3365783562   -4.2538944395    0.4333568795    0.5334571335    0.0753734988    0.7224570142
   1.2083584178   -1.0763463582   -3.3325359931    0.5313450844    0.3984223461   -0.4827489991   -0.5708637660
   2.6334280706   -0.9100403177   -4.3380324317    0.1211428348   -0.6427189393    0.0685459097   -0.7533513370
   2.5582093409   -2.5391797036   -3.3115320988    0.3717296591   -0.4848124070   -0.6034001007    0.5125254228
   1.2267334239   -2.8821894484   -1.9746059284    0.7925454950    0.1379945358    0.2954731731    0.5152909377
   1.9119356333   -0.3718031428   -0.1849898065   -0.1095631145   -0.1136730791   -0.5710892099   -0.8055628277
   1.8371525266   -1.1592474537   -2.3786098564    0.0268138804   -0.2583561844    0.7327852644   -0.6289346978
   1.8115533413   -1.4003243043   -1.1375033334    0.3541236036    0.4385386942   -0.7599713906    0.3236105260
   1.3160590640   -2.1985281321    0.7359495441   -0.3289433325    0.7586124446    0.0035908406    0.5623971451
   1.6214398084   -1.4556235989    2.0765534850   -0.1375003727    0.2675202824   -0.9439817171   -0.1357389550
   2.5528618221   -0.5697143375    0.8390977138   -0.3775342213   -0.2255721580    0.7828293163   -0.4401856141
   3.0179469452   -1.4904703095    1.5389662161   -0.0055437559   -0.7408013901   -0.4556280939    0.4935439264
   1.0529719252   -2.4031401355    2.8988665191    0.1610052170    0.5241632734    0.3212772554    0.7720823195
   0.9553792377   -0.6198382634    3.3124737592   -0.2471347393    0.6445785934   -0.5701614809   -0.4453748345
   1.9102711746   -0.0763118333    2.5459685635   -0.3576067530   -0.3662984202    0.8575744073   -0.0500900548
   1.3204004418   -1.5368469977    4.2666720273   -0.1418189868   -0.7367396924   -0.1705767663    0.6387531350
   1.7284979500    0.1907812741   -4.5576087258    0.1212487010    0.7081798740    0.6610497261    0.2163175404
   1.6623221503    1.8756676605   -2.7156352383   -0.3140190278    0.6596535417   -0.5066486020   -0.4577733601
   2.5343448922    2.0847474479   -4.4917325580    0.0454654899   -0.4920480197    0.7864752921   -0.3705107967
   2.4562235626    0.3939158050   -3.8705728569   -0.5685602597   -0.6465570345   -0.4550799435    0.2271683897
   1.6856073669    0.2493713591   -1.5464186535   -0.6826681824    0.4754793242    0.4875395351    0.2649316267
   1.4357180151    1.9914164352   -0.8564955308    0.3841062774    0.2049635909   -0.8574550551   -0.2742683404
   2.9465730808    1.5838199486   -2.8439735722   -0.3687280095   -0.5216365411   -0.1910112752   -0.7452849568
   2.7940055280    1.3786389492   -0.7680894480   -0.4572789316    0.1972970435   -0.6963952543    0.5167238190
   1.0833848002   -0.6266317440    1.0263084090   -0.1341071980    0.4275850528    0.5093101995    0.7347036156
   1.3069972546    0.9026747816    0.9495971730   -0.3346313758    0.5189790208   -0.4926099197   -0.6132031355
   2.5366110762    1.4786344266    0.6732700709    0.7006543980   -0.2065140845    0.6829517530    0.0035000741
   2.9385391736    0.5319413271    1.3146870372   -0.4344605699   -0.0609380372   -0.6957969061    0.5686802566
   0.7753899655    0.5650292787    2.4623343403    0.1674497538    0.6040218746    0.2465608183    0.7391386324
   1.2171045336    1.0906438048    4.1023845141    0.3978690320    0.3188614411   -0.2316838954   -0.8284625444
   1.7636456920    1.9410354560    2.2900825394   -0.1114777546   -0.8414822644    0.4725554599    0.2370055829
   2.4794378363    1.1853163741    3.5384443610    0.0661305486   -0.5389253017   -0.6549295916    0.5255982304
   1.5569924405    2.5694263491    4.5150038682   -0.1348691429    0.1467594426    0.2250512904    0.9537420495
   0.9726196591    3.3290114089   -3.6135423558   -0.0459529637    0.3340628528   -0.3708146491   -0.8653246972
   1.6547355050    4.6374108261   -4.3297300396    0.1651887539   -0.7126107779    0.6748106451   -0.0976173559
   2.4434641111    3.0274786997   -3.3172334577   -0.4431917689   -0.6288952858   -0.5183429008    0.3733529332
   1.1589625023    2.8129866346   -2.1334175064    0.0059932650   -0.3586333417    0.8194280739    0.4470837045
   1.1098031676    3.9134641048   -0.7461680314   -0.4940458588    0.5209902373   -0.6878826682   -0.1063263693
   2.1755161281    4.1829246517   -2.1731047688    0.4021915700   -0.1606901505    0.5320789405   -0.7275387396
   2.5267965726    3.9484195878   -0.7367558958   -0.1090055670   -0.5889912992   -0.6563027275    0.4587741992
   1.5826247310    2.6365066763   -0.0140845332    0.2672782718   -0.0316118994    0.7551316622    0.5977785426
   1.1081059933    3.4299564642    1.4946542434   -0.5841436034    0.4354050266   -0.3104527749   -0.6105880674
   1.9838286761    4.3757064573    0.5969596116   -0.3830910775   -0.4601869777    0.3811837363   -0.7043920295
   2.3960952590    2.6019898226    1.5208321181    0.1437172127   -0.0635339935    0.0581099648    0.9858661301
   0.8421448813    1.6672744449    2.5817041857   -0.6259021206    0.5652491284    0.4587134596    0.2798605372
   1.0355839499    3.5557918242    3.5693147853   -0.2077509935    0.7135588464   -0.1260486921   -0.6571035114
   2.2495397054    4.0694236927    2.1154988713   -0.4466769967   -0.5016514261    0.7266574507   -0.1442028317
   2.6094210751    3.0558804715    3.5377449595    0.0180379758   -0.3394714290   -0.9364743005    0.0863114409
   3.1220855004    4.1837607015   -4.4930159770   -0.2746499462    0.8812066410    0.2142143354    0.3196161472
   3.9058649776   -4.0477384717   -3.7928051342    0.1282250684    0.8005111455   -0.3964327088   -0.4307915333
   4.1967268171   -2.8657631197   -4.2585771100   -0.3517506649   -0.5621806633    0.4170596179   -0.6215188224
  -4.2268662322    4.5703143266   -2.8591813847    0.4500458472   -0.7676904522   -0.2434296022    0.3858135998
   3.7047285014   -4.4611260965   -2.0573378494   -0.0987062542    0.4840029964    0.7281019820    0.4752532785
   2.8493997745   -2.0415716736   -1.4997434814   -0.2299836905    0.8099115522   -0.5212706864   -0.1393831100
   4.5262938042   -3.0060310552   -2.2133917744    0.3040031673   -0.0245150042    0.8428937061   -0.4432959386
   4.2780992180   -3.3156511927   -1.0363847962   -0.2232538738   -0.6121369971   -0.7469194130    0.1325043217
   3.2140317803   -4.3206268859    0.1728094130   -0.3898053060    0.4145092996    0.4339377239    0.6985212351
   3.7393717997   -2.9918252563    1.2974553343   -0.3446975695    0.6038057471   -0.2168613567   -0.6852542282
   4.4026542760   -1.9046868855    0.1141292664   -0.3627327819   -0.6629387079    0.6037702496   -0.2537689584
   4.5966925606   -3.9527852853    1.2838688117    0.3422497941   -0.5642006734   -0.5756760772    0.4828454543
   2.9503820593   -4.4843772735    2.5225656080    0.1143389370    0.3348304534    0.8004520583    0.4838302154
   3.4839111296   -3.5326719212    3.6866021304   -0.2994068029    0.2717820612   -0.6294929620   -0.6634973161
   4.4645485575   -3.1282062485    2.8529900208    0.2794603282   -0.3903627202    0.8447323729   -0.2365292579
  -4.3600274236   -3.9631597732    3.9242422287    0.0208015089   -0.7046079409   -0.6582458644    0.2642107660
   2.9351829475   -2.3373641495   -4.3395430794    0.2265767913    0.2127291583    0.6601137902    0.6838560133
   3.5176709133   -0.9664206256   -3.0008656262    0.3029323511    0.5326564719   -0.6221428891   -0.4872856443
   4.4849374587   -0.8286102574   -4.2937393970    0.1846462208   -0.5726170867    0.2385351494   -0.7623099289
  -4.2424344606   -1.8836437895   -3.0051862090    0.3667077506   -0.3137175113   -0.5488534349    0.6825442519
   3.8841973702   -1.3478578983   -2.1202076309    0.3722765739    0.4028294637    0.6252519865    0.5551563105
   3.3151281127   -0.3641239175   -0.6181432545   -0.0877960747    0.4657937703   -0.5139590793   -0.7149643891
   4.3258817599    0.3981584028   -1.5718111580   -0.3206881556   -0.2739000905    0.8619578286   -0.2813655079
   4.2702887174   -1.3805714864   -1.1143912091    0.3343673835   -0.4131710544   -0.6095576800    0.5881560740
   3.4094527732   -1.8780613876   -0.0271999796   -0.4779710658    0.5826371077    0.5679935057    0.3308489662
   4.4039800269   -0.3050387849    0.7585526656    0.1661308723    0.2644171275   -0.6569424404   -0.6862293684
  -4.1597092288   -0.8681556110   -0.1344880753   -0.1581013799   -0.7570491379    0.5002148139   -0.3894428025
   4.4834016860   -1.6874852602    1.5982634235    0.4250485777   -0.6274550395   -0.4436351501    0.4783531474
   3.3668570368   -2.2382560018    2.9936414349    0.0385322720    0.2380224473    0.3431426248    0.9078070927
   3.0178170777   -1.2478789167    3.7533385424    0.1725024173    0.3984123529   -0.8603403521   -0.2670673915
   4.2316087629   -1.1710588489    2.6176250536   -0.0445708619   -0.0936262880    0.7734548985   -0.6253119833
   4.5461637113   -1.6167990318    4.0029099314    0.3899348140   -0.3253909990   -0.0976894594    0.8558786761
   3.2417324273    0.0790091222    3.7597535687   -0.0566766516    0.8292346271    0.0728451516    0.5512270624
   3.8609180522    0.5986519862   -3.3886013625   -0.2760756985    0.5054045377   -0.7194152961   -0.3883170017
   4.6112234133    1.1803661994   -4.5441343067    0.2022102396   -0.6629248268    0.7152057622   -0.0901244177
  -4.2244436961    0.1000309206   -3.1097946989    0.0099103550   -0.8666156482   -0.3058191908    0.3941493698
   2.8048133208    0.4497683978   -2.1697306469    0.3433505404    0.4464487606    0.8262461822    0.0105431051
   3.3999066454    1.5560039679   -1.4815969483    0.1814630675    0.6297702478   -0.4575220208   -0.6009444156
  -4.3647897761    1.3741916154   -2.6613280403   -0.1881053195   -0.5791604921   -0.0309678761   -0.7926099317
  -4.2808921025    1.1849043304   -1.0152870757    0.5044688311   -0.5346486907   -0.2007433767    0.6475832555
   3.9944492724    0.9682050429    0.0671722225   -0.0368339806    0.1009152464    0.7237919113    0.6816044601
   4.3012161714    1.8763781411    1.0782696618    0.2433146924    0.3244021739   -0.7674415543   -0.4965829747
  -4.2989947697    2.1514780928    0.0614262954    0.0709605367   -0.8113434106    0.5779015361   -0.0521180093
  -4.3929251672    0.9179809182    1.5825796754   -0.1314623443   -0.8197034133   -0.5220160402   -0.1957120844
   3.4873016875   -0.3410988932    2.1843728833   -0.0999651827    0.1506468295    0.5167882455    0.8368048783
   3.6240743714    1.2181646231    3.2756748980   -0.0822324911    0.2052174053   -0.5458865031   -0.8081655522
   4.1748202855    1.7524827441    2.3458870786    0.6366771787   -0.2988646831    0.0239208301   -0.7104575042
  -4.3970856640    0.3982779455    3.1435083973   -0.0801116918   -0.7265281508   -0.4755063185    0.4895229352
   3.6011101678    1.8360276454   -4.4565764521   -0.1928407310    0.4978549623    0.6568685769    0.5324251701
   3.9626392287    3.4347694619   -2.9639628551   -0.2107145172   -0.2194194630   -0.9049912041   -0.2973977337
   3.8235917263    3.3428714237   -4.2821426358   -0.2787888630   -0.2290316530    0.9307460731    0.0594392056
   4.5857919044    2.3231735885   -3.2799862790    0.0612195466   -0.5112376728   -0.3605605437    0.7777430832
   3.3446175456    2.6459390277   -2.2987892212    0.3371880095    0.4903139129   -0.1527063204    0.7890356727
   3.7609242007    3.7582884743   -1.2122147157   -0.0132495642    0.7252652812   -0.3517038425   -0.5917086514
  -4.4408143481    4.5961642263   -1.5574177373   -0.1067845654   -0.3762578438    0.4570287390   -0.7988440544
  -4.1800176924    3.4964572083   -0.3871371572    0.1947182918   -0.4108697333   -0.8090870118    0.3723560883
   3.3993712727    2.7857096602   -0.2094294194    0.0888116685    0.5477511803   -0.3144781233    0.7701848103
   3.5728186773    3.6792321295    1.4133504644    0.4038005877    0.7082895700   -0.4987223379   -0.2941887152
   4.1074560349    4.0817764753    0.5218516985    0.5837881076   -0.2273504856    0.2283494568   -0.7452246156
  -4.0380981922    3.3027746595    1.9083534124    0.0085285787   -0.9091889120   -0.3960265778    0.1283188815
   3.2507160538    2.5968983762    2.5146967441    0.7503468316    0.1640617273    0.2378649127    0.5945449229
   3.7706391720    4.2363423572    3.6329738361   -0.0873348626    0.2924362230   -0.8091205586   -0.5021728776
   4.3169165867    4.1675310051    2.4082526686    0.0572863566   -0.6712678836    0.6613173181   -0.3298137454
   4.5528984134    2.6318281395    4.0392000276   -0.1990238790   -0.4240618793   -0.7386337653    0.4847485729
