            256
     9.28317767
  -4.4613941897    4.6294707790   -4.0132920200    0.0021651964    0.4861610753    0.5354601794    0.6905976521
  -4.0351477825   -2.9897897682   -3.2098407977    0.1252139590    0.4496157960   -0.7121349500   -0.5244338981
  -2.9446490169   -2.8429599167   -4.0709558021    0.2692073612   -0.3717559520    0.6971906443   -0.5506815000
  -3.1972959479   -4.3111961694   -2.9786542382    0.3977896701   -0.4867990051   -0.5488293148    0.5509777584
  -4.2233343449   -3.7002679031   -1.6959982616    0.1317387359    0.5181387893    0.7995428459    0.2736938765
  -3.9951573137   -3.2977924299   -0.4968544175    0.1226707575    0.3384325255   -0.6471087814   -0.6720606640
  -3.2231018786   -2.7882063525   -1.8527728842   -0.0717465295   -0.5133374707    0.6665439341   -0.5357763159
  -2.7883974190   -3.5343404413   -0.8607577024    0.1580976290   -0.5968586443   -0.5753582696    0.5364026100
  -4.1641937312   -4.1624349442    0.3630059491    0.1078371058    0.5138728197    0.4598242944    0.7161476817
  -3.8951871582   -3.0808230793    1.8075804692    0.0972828500    0.5705275316   -0.3933551775   -0.7143571146
  -2.9996972969   -2.6178422871    0.5560658939   -0.0522205036   -0.7679939498    0.3581271048   -0.5283969047
  -2.6752952076   -4.2465715015    1.7976699372    0.2725445808   -0.5184309296   -0.7182874178    0.3755156563
  -4.3894200732   -3.9885041151    2.7025299247   -0.1241512521    0.4359077243    0.6486327917    0.6114298195
  -3.8650948134   -3.7441788688    3.8198541759   -0.1334241685    0.6179598801   -0.4725418419   -0.6140258835
  -2.9303724858   -2.6302840871    3.1881086754   -0.0380180748   -0.5875890378    0.5211817693   -0.6177890514
  -2.5631013826   -4.1760777231    4.0000101573   -0.2460006823   -0.3213588611   -0.6847743943    0.6060496479
  -4.4242991115   -2.0664409311   -4.1152989232    0.1380765857    0.5157207257    0.3898591208    0.7503178364
  -3.7155353300   -1.0147308743   -2.9577785103    0.2523597860    0.6575450410   -0.4835397760   -0.5197483453
  -2.5995147349   -0.5440074662   -3.9934847245   -0.0157051322   -0.5145039498    0.1989387745   -0.8339438821
  -2.2613875423   -0.8899592557   -2.4342613301    0.0021985653   -0.5127578454   -0.5938474060    0.6200159810
  -4.2218641196   -1.7519527047   -2.0746441760    0.2842070612    0.3877810403    0.6948571569    0.5348137458
  -4.2383593525   -1.3189458247   -0.8931853926   -0.1284056660    0.4934681607   -0.7080231760   -0.4885737831
  -3.2521362973   -0.2572423944   -1.4765706440   -0.1672253812   -0.5546684459    0.6319268380   -0.5148272123
  -2.8477230317   -1.7613696457   -0.6659615617    0.1875597432   -0.5417293169   -0.5628664809    0.5954259103
  -4.4978725158   -2.3073235459    0.6725812373    0.1653741399    0.4262061572    0.5763927120    0.6773264700
  -4.1467835155   -0.6281562203    1.5068842785    0.2190464176    0.3465533772   -0.7380781268   -0.5358732149
  -3.2522394338   -0.8097113481    0.3966934546   -0.0202839874   -0.4593972950    0.7222460639   -0.5166268561
  -2.8592406248   -1.6569854304    1.4690645072    0.2801854482   -0.5711957481   -0.5134650455    0.5758343330
  -4.1473824319   -1.9510314284    2.9215914263    0.0573153922    0.6417406425    0.7391742566    0.1962277044
  -3.7053172873   -1.3010951770    4.3582668082   -0.1143356510    0.4276019795   -0.7545655239   -0.4844737106
  -2.8916418326   -0.8628222162    2.5902573455   -0.0440256460   -0.4432606871    0.7739019532   -0.4501749355
  -2.6432408718   -1.3382942436    4.1767110834   -0.1290422570   -0.5332447953   -0.5699454655    0.6116863989
  -3.9902725662    0.1160175711   -4.0611646897    0.2365240044    0.4878853103    0.5563000688    0.6297257759
  -3.7851610688    1.6036290947   -2.8697757628   -0.0874195247    0.5335125174   -0.6785012763   -0.4973512225
  -3.2200058859    1.6703531811   -4.0325869668    0.3449921869   -0.3292681894    0.7200407149   -0.5040875116
  -2.8651751071    0.9181435709   -2.7722324065   -0.0501032508   -0.4735161616   -0.5547588223    0.6822864193
  -4.1606743092    0.4919425714   -1.6956056324   -0.0517497225    0.5711285999    0.7132026073    0.4030832786
  -3.7780157497    1.5546258737   -0.2061625577    0.0624365236    0.6160648916   -0.5122322685   -0.5951334581
  -3.2759805416    2.0373215259   -1.5411804890    0.3219051342   -0.4393691671    0.4893344460   -0.6810900231
  -2.6904465657    0.8283116801   -0.3309441040   -0.0611893103   -0.4909675739   -0.7243971259    0.4800578232
  -4.1172701867    0.3655789151    0.4418956400    0.1380282062    0.4999090727    0.3524617628    0.7789799991
  -3.8099157592    1.1739655314    2.0635453557   -0.3287578674    0.4833407724   -0.6513917129   -0.4837238870
  -2.7629439632    1.8458610809    0.7302657836    0.1331004151   -0.5978997991    0.6836411824   -0.3967805988
  -2.5718289669    0.9676903856    2.1313373164    0.1300909409   -0.4151395985   -0.6451858462    0.6280690127
  -4.0702460981   -0.1863373541    2.8329489509    0.1691746413    0.5654063236    0.3995325783    0.7014765490
  -4.1741680851    1.5173953880    3.9429618614    0.1497718746    0.5478890389   -0.4370593477   -0.6973988194
  -3.1967615728    2.0105749447    3.0255736757    0.0568476090   -0.3960298108    0.5047782692   -0.7649363616
  -2.7432385268    1.1416619215    4.2288477800    0.3141608856   -0.5016818242   -0.5815937118    0.5580027238
  -4.2112261375    2.9128279877   -4.0934642347    0.1944394741    0.5274752643    0.6087604359    0.5597980602
  -3.9837248422    3.8679198383   -2.7533369094    0.0559982708    0.6952646555   -0.4671861709   -0.5433307779
  -3.1196925236    4.4233821104   -4.0740106407    0.0479449847   -0.5147991708    0.7224154099   -0.4591285961
  -2.6992897915    2.8980731067   -2.4777428639    0.0809557774   -0.3799465774   -0.8573618788    0.3376645810
  -4.4472077914    2.8556236007   -1.7706017115    0.0547782975    0.4633244220    0.5933241836    0.6559696878
  -3.9756189311    3.3902289922   -0.6476823702   -0.2121801549    0.5922957568   -0.6696190276   -0.3946842743
  -3.0216225364    4.6188708214   -1.6553033427   -0.0580408681   -0.7010484664    0.3919609451   -0.5928987459
  -2.8858352431    2.9631025937   -0.6833580018   -0.1101579608   -0.4202313036   -0.5938991995    0.6771666087
  -4.1837003520    2.2179986704    1.1538281654    0.1219384928    0.5417340495    0.5506204779    0.6232754711
  -4.0937920201    4.0059907178    1.2452841778   -0.1682669937    0.4188624408   -0.7328547516   -0.5090819066
  -3.0044733974    4.2153425367    0.1868356068   -0.0014827992   -0.6759483005    0.5250979680   -0.5170723552
  -2.5565107403    3.0629944968    1.7945444898    0.1240275531   -0.4309026345   -0.6429062655    0.6209763438
  -4.0088217379    2.8348906081    2.9038395196   -0.2059061299    0.5011159402    0.2546180241    0.8010337958
  -4.0719257430    4.1103102533    4.0041719533    0.2279787153    0.5192074151   -0.6320497618   -0.5281689731
  -3.3477816369    4.3038411512    2.7659142933    0.1622509714   -0.3714878074    0.6227258510   -0.6692413211
  -2.9340966800    3.0566171874    4.1130976030   -0.0417289695   -0.5673948213   -0.6326344183    0.5254479067
  -1.7770013332   -4.3706206577   -4.0075915036    0.0624669820    0.6048977951    0.5184900228    0.6011361160
  -1.9935663559   -2.9954313737   -2.8965827170    0.2928728137    0.4362130175   -0.7613579013   -0.3798392614
  -0.9718689647   -2.8784051216   -4.0523341873   -0.0204201505   -0.3681983193    0.5893825115   -0.7187776223
  -0.5842513722   -3.3497050713   -2.9805967623    0.2373358319   -0.5144205674   -0.5161984396    0.6423257380
  -1.7623653137   -4.1551101705   -1.9263094416    0.1642527193    0.5532829121    0.3800062285    0.7228376925
  -1.3949079110   -3.3773802144   -0.5105537719    0.1115767911    0.4991707928   -0.5111538312   -0.6907249092
  -0.7928837433   -2.7042094996   -1.7482164055   -0.0067429479   -0.4398282406    0.8269043065   -0.3503354382
  -0.1935020651   -4.0828461348   -0.6137146414   -0.0907229890   -0.5236762348   -0.6091790524    0.5885859516
  -2.1558841137   -4.0548302936    0.5888923882    0.1939225703    0.3455467691    0.7270916531    0.5606506890
  -1.6087506143   -3.2932038013    1.6280943465    0.0983545923    0.5249775859   -0.6603375970   -0.5279007165
  -0.4474907161   -2.9707716432    0.5607326594    0.1393997815   -0.5442249626    0.6336036788   -0.5319147198
  -0.2737532129   -3.5551084945    2.0373668636   -0.0928936686   -0.6412364402   -0.4537414901    0.6118049152
  -1.7642853364   -4.3421665943    2.5232603384   -0.2266818693    0.2640088923    0.6975591673    0.6263591965
  -1.9406812723   -3.2958998577    4.0506307515    0.0352664748    0.5510224010   -0.3580427217   -0.7529515249
  -1.0983122749   -2.6992228264    3.1032163829   -0.0844370321   -0.4214279448    0.6181606581   -0.6581384928
  -0.4313359169   -3.5940163322    4.2599299376    0.0209810280   -0.4616356779   -0.6650473553    0.5866551906
  -1.7051505519   -1.8986763211   -3.8890139593   -0.0784153230    0.6074784571    0.3534710455    0.7070213443
  -1.2157017962   -0.7313887709   -2.5184185860   -0.1900164992    0.2978469763   -0.5514691437   -0.7556869009
  -0.8707022239    0.2202672256   -3.7724022495    0.1214317514   -0.5265894297    0.5136563259   -0.6664195984
  -0.4772301783   -1.5224803089   -2.9112291870    0.1791063962   -0.4621360017   -0.3976722136    0.7721450805
  -1.9520975636   -2.2657563769   -1.7082282112    0.1990525982    0.6017949089    0.4647167086    0.6182712443
  -1.7274527615   -0.4567549810   -0.4340545149    0.1833833735    0.5682370221   -0.6583641548   -0.4582945175
  -0.6193778106   -0.2617712814   -1.5145085974    0.0344142170   -0.4203649189    0.4623189076   -0.7799809128
  -0.8603967562   -1.9400589118   -0.8053781470    0.2873442691   -0.4376458629   -0.3947760411    0.7550173820
  -1.8656348845   -2.0792613135    0.5488196360    0.1133943351    0.3177030233    0.7015430490    0.6277291329
  -1.5400752520   -0.7601474660    1.6761006046    0.1154469220    0.3713480518   -0.5643368924   -0.7282146006
  -0.7793852836   -0.5257322007    0.2833317048   -0.2162754860   -0.3685538336    0.8062523009   -0.4090846039
  -0.5913051664   -1.8411140479    1.4315304327   -0.0040316768   -0.5768707294   -0.4795285662    0.6612535531
  -1.8592635343   -1.7566514803    2.7836213522   -0.0837809445    0.6593281588    0.6238856977    0.4111371652
  -1.3273019552   -1.0792441566    4.3778483118    0.0725034215    0.6383200739   -0.5914035283   -0.4873731670
  -0.6933006691   -0.7767700538    2.8729742593    0.0622239385   -0.4914411773    0.7293348078   -0.4718945740
  -0.1315986245   -1.0709649302    4.5255613871   -0.3807903087   -0.3544969507   -0.5810050758    0.6259103409
  -1.9503165522    0.5679698756   -4.0561875863   -0.1218604962    0.3290608787    0.6575428574    0.6667130929
  -1.6694396665    1.4718998583   -2.8502238996    0.1916041339    0.5201247313   -0.5373576233   -0.6356138013
  -0.9438843546    2.0631316646   -4.0305289523   -0.0149456022   -0.6109882879    0.5957739982   -0.5210789616
  -0.1614775458    1.3348191668   -2.8590104086   -0.0275507760   -0.5558842275   -0.5951761966    0.5796541860
  -2.0202986390    0.4799126169   -1.5921125400    0.2402690405    0.5829775149    0.5619104570    0.5354107243
  -1.5108399416    1.4583200522   -0.4693538316    0.2175640244    0.4912666494   -0.5451910443   -0.6434980184
  -0.6043271109    1.5497289847   -1.5709196318   -0.1168221769   -0.4002139573    0.5682441144   -0.7094222958
  -0.0887949214    1.1212391329   -0.4342470328    0.0751664456   -0.6052745640   -0.5179921118    0.5997306728
  -2.1886383624   -0.0408174463    0.8155107261    0.1623693453    0.4683826234    0.4459701251    0.7452278587
  -1.9028800056    1.6422687101    1.5577207322   -0.0378330361    0.4587543018   -0.7297140991   -0.5055991352
  -0.7891942845    1.7720326512    0.5898384588    0.3536352542   -0.4306790822    0.6037288782   -0.5700605905
  -0.5716083763    0.8518010824    1.9396860595    0.0952617037   -0.4985874242   -0.4419757738    0.7395898888
  -1.7360704727    0.1979677137    3.0848432792    0.0595145308    0.4178912434    0.4932736244    0.7605958590
  -1.8448630908    1.8734440944    3.9492178995   -0.1801576090    0.5371098605   -0.6496288047   -0.5069897927
  -0.8121134823    1.7803775505    2.9506912846   -0.2868520448   -0.5544060526    0.6340952740   -0.4563693863
  -0.8118854161    0.3259930266    4.2150654168    0.0803092568   -0.3557008069   -0.7866050518    0.4982768826
  -2.1920827245    2.9619695397   -3.9112846813    0.1514258423    0.4438048472    0.7232389329    0.5069841396
  -1.6707957486    3.3031622774   -2.6929553196   -0.0951485576    0.6217201422   -0.5156405983   -0.5818295198
  -0.9493355420    4.2180246116   -3.9910471071   -0.2553181769   -0.3561780792    0.7300977306   -0.5243158478
  -0.4719160453    3.1867209399   -2.6602416239   -0.0428035369   -0.3694564195   -0.6301978338    0.6815574089
  -1.7613718173    2.1997020976   -1.5834307385    0.1764978472    0.5932073166    0.4914325380    0.6127378315
  -1.7725224034    4.1027180333   -0.7175166152    0.0908046390    0.5909773558   -0.5401864757   -0.5921983232
  -0.8678051980    4.3467201963   -1.9259497458   -0.1594163160   -0.5700211951    0.3861991912   -0.7074690524
  -0.6157208497    2.9796113254   -0.5839920155    0.1467202954   -0.5363927131   -0.6405688575    0.5295541060
  -1.7773674134    2.9935857220    0.3792967875    0.1282189007    0.5542719084    0.6576167795    0.4938448505
  -1.3389502482    3.3458803888    1.6784388404   -0.1041744522    0.4951242169   -0.5483884975   -0.6657850623
  -0.7360836347    4.5527879535    0.5726196078   -0.0696545157   -0.6621084484    0.5378687656   -0.5171632643
  -0.2996798218    2.8884213833    1.5190887255   -0.0218621750   -0.3943559043   -0.5365868514    0.7457077290
  -1.9114481248    2.6609124927    2.9920860796    0.2977609546    0.5034405543    0.5302580263    0.6137690509
  -1.4373424375    4.1844895648    3.9723876274    0.1084345876    0.1149258496   -0.7889662706   -0.5937728633
  -0.9652868091    4.4429827668    2.9640381550    0.3491756340   -0.4170530923    0.6993944075   -0.4636707427
  -0.6829790870    3.1950525130    3.8966357011   -0.1241706670   -0.5812350928   -0.2461921540    0.7655957391
   0.1715346243    4.4608594704   -3.8644780431   -0.0584329711    0.6048487858    0.5469365767    0.5758506015
   0.7529344425   -3.0570840256   -3.0720925440   -0.0597059385    0.4874022545   -0.6359670388   -0.5953319820
   1.7897072318   -2.9561233224   -4.2508207489   -0.0225626366   -0.5160880914    0.7137412935   -0.4729877116
   1.8990744471   -4.2337527918   -2.5708432639   -0.1577769311   -0.4060220774   -0.5956594936    0.6748646386
   0.3445349235   -4.1395442183   -2.1441076372   -0.0102948721    0.4190091192    0.5259013303    0.7401034822
   0.6820782732   -3.6366622040   -0.8109100989   -0.2586303812    0.5729366861   -0.7188227263   -0.2968968977
   1.9098240033   -2.9189738595   -2.1332567256    0.0441924945   -0.6019977025    0.6600633145   -0.4471713436
   1.8619860847   -3.7017462718   -0.3892220649    0.0504056342   -0.4987777753   -0.6326251765    0.5903095705
   0.4689396012   -4.3756146673    0.7854430439    0.0669965902    0.4443352839    0.6164050165    0.6466239000
   0.8206036372   -3.2410350044    2.1402633113   -0.2479624528    0.5623403084   -0.6317037681   -0.4724810567
   1.3368587000   -2.9327833191    0.5263335848   -0.0475888686   -0.4231467218    0.5895705420   -0.6863590368
   1.9175974926   -3.7831231934    1.6388286694    0.0508068024   -0.4639545926   -0.7721553367    0.4312086976
   0.3492497636   -4.4008112340    2.8799532441   -0.1022733326    0.6236819611    0.1675626456    0.7566265504
   0.5668942516   -2.8812772249    4.0836759722   -0.0231941786    0.3902584300   -0.5619516837   -0.7289517770
   1.6656558940   -2.4657131650    3.0372601594   -0.0720648299   -0.4679829216    0.4518582346   -0.7560573929
   1.3456810089   -4.0616174530    3.9972787728    0.1937419125   -0.4612919901   -0.4443812323    0.7431009969
   0.3309166696   -2.2803958486   -4.0040049932    0.1661347481    0.5820593950    0.5674464686    0.5582209343
   0.7497779281   -0.7188098138   -3.0895095355    0.0760859748    0.5322987771   -0.5442559540   -0.6439366373
   1.8768229115   -0.2337363713   -4.1186635325    0.2717754317   -0.5838736285    0.3899443156   -0.6581588953
   1.9096406268   -2.0006344658   -3.2102665995    0.3347281932   -0.2769546654   -0.8059691102    0.4020782802
   0.5138735245   -2.0335030084   -1.8343049470    0.1313673546    0.6600120265    0.5858978024    0.4514980712
   0.6961371575   -0.9110060601   -0.3070232652    0.0829814135    0.5081406903   -0.6747880214   -0.5287421396
   1.3342145728   -0.5589034218   -1.7691346755    0.0486373912   -0.3488133582    0.7527453060   -0.5561817595
   1.6682216730   -1.2443486786   -0.7772674266   -0.0040425165   -0.5705977187   -0.7047081360    0.4216495519
   0.6247488573   -2.0032281923    0.5331088105   -0.0398433935    0.6196005930    0.4140333866    0.6656455242
   0.8372129879   -1.2305729584    2.0669716368    0.1714486177    0.6505272510   -0.4541005193   -0.5841338764
   1.5967045150   -0.5372704891    0.9104308805    0.0828180165   -0.4304399616    0.7211789123   -0.5364360092
   2.3279303720   -1.0486720593    1.8312504679    0.1441747534   -0.5582490604   -0.5425013484    0.6109532830
   0.1396854676   -2.0608264181    2.9885915076   -0.0017433446    0.5699259435    0.6527749729    0.4990653408
   0.7226919922   -0.6746898812    3.9889194355   -0.1646849705    0.5181311057   -0.5658623144   -0.6198539013
   1.6628603185    0.2625428885    3.1441327567   -0.2120658257   -0.6360020129    0.5803031327   -0.4623611136
   1.6637623687   -1.3102491655    4.1702088385   -0.1114653851   -0.5582177680   -0.3879928539    0.7248654612
   0.6340610910    0.7467878654   -4.0306604732    0.2141283122    0.4735417812    0.7042647336    0.4836511475
   0.9909876371    1.1714783768   -2.8345292115   -0.1279341784    0.4948393928   -0.6774701826   -0.5289621660
   1.5734173948    2.1852205942   -4.2737328757    0.0920850046   -0.4382293354    0.6503482489   -0.6136143387
   1.8652086559    0.7177744079   -3.1421163484   -0.2757421501   -0.4800563366   -0.7085346077    0.4375967208
   0.7481657957    0.4994742621   -1.5277765417   -0.0944918304    0.5866188224    0.2497880723    0.7645623390
   1.0919304741    1.9623505893   -0.5820129047    0.1189135765    0.3984180516   -0.7785760146   -0.4700446861
   2.0084916590    1.8745313624   -1.9957438966   -0.2300437075   -0.5590970643    0.3224942263   -0.7283459614
   1.7309566557    0.5219040446   -0.3894600786    0.2572506342   -0.5564897687   -0.5201889241    0.5945962763
   0.1994608971   -0.4186751776    0.9014238070   -0.0876267307    0.5851408024    0.5740581056    0.5660292296
   0.5296167541    1.3477689443    1.6129885095   -0.1437278238    0.4327999967   -0.6505895836   -0.6072558515
   1.6684596645    1.4546785694    0.7371153028    0.0867567319   -0.5103594470    0.7324991269   -0.4420990086
   2.0132729337    0.6353768598    1.9380084769    0.1734471431   -0.5079882990   -0.6164190271    0.5761003035
   0.3133682241    0.4888824418    3.1101959763    0.0170547814    0.4285912674    0.6291508830    0.6482189648
   0.5666859180    1.3523318897    4.0979385578    0.2978222038    0.5372811439   -0.6320082287   -0.4724367748
   1.2652403725    2.2970748867    2.8517785546    0.0238956650   -0.5531472751    0.5753945391   -0.6019785823
   1.9118136477    1.3768134140    3.9212101171    0.1445666903   -0.5682388642   -0.5756449060    0.5699456180
   0.1694648496    2.7329033274   -4.2104817528    0.0465863119    0.6108032839    0.3728420540    0.6969489699
   0.6259763660    3.3873514201   -3.0202460747    0.1475425329    0.4978932458   -0.6434787954   -0.5623775926
   1.4783392031    4.3728657974   -4.0680116558    0.1541781470   -0.5723849207    0.6615206707   -0.4593419248
   1.8764180118    3.3337663119   -3.0899515487   -0.1949739741   -0.7270296091   -0.5497313264    0.3622272295
   0.5005929346    2.5136278620   -1.6642322537    0.0912338008    0.4212261686    0.5437478848    0.7201271737
   0.7442430880    3.7507862336   -0.4258627373   -0.0959859417    0.3488899555   -0.6426311847   -0.6753426230
   1.1668499383    4.2398445618   -1.7304533980    0.2778186712   -0.2941541970    0.6965290691   -0.5925684351
   1.8138916611    3.4706412485   -0.6443081021    0.0566699923   -0.5811000282   -0.6639922650    0.4671461670
   0.6337441419    2.3437965583    0.4915832714    0.0858334172    0.4449788302    0.7067425445    0.5432692160
   0.4596926858    3.7504643038    1.6120439224   -0.1134349551    0.6958000414   -0.2923039766   -0.6461835642
   1.5283005075    4.2019562994    0.8274262126   -0.1740916668   -0.5161188703    0.5335368571   -0.6470330946
   1.7814483460    2.7333589392    1.8168547716    0.0728542504   -0.4177820236   -0.7389212005    0.5235894369
   0.0967560565    2.3797373343    3.0044550569   -0.0740788803    0.5411755967    0.5849103607    0.5996008364
   0.6136697736    3.5911864240    4.0898378219    0.1343705667    0.5825144648   -0.6261042533   -0.5006145355
   1.4447144682    4.1148497880    2.7069141180    0.0061874731   -0.5444582491    0.4847420093   -0.6845086666
   2.0041902369    3.6505506739    3.8604505410    0.1720501067   -0.4902502483   -0.5165677894    0.6805961900
   2.6405706145   -4.5243541204   -4.3296375260   -0.1823236799    0.5359820357    0.6684438127    0.4823527781
   2.9670325570   -3.5280677648   -3.2559682737    0.1533182130    0.7023130024   -0.4481952379   -0.5313859247
   3.7919033624   -2.7951766904   -4.1640956581   -0.0061289784   -0.5285377841    0.4987695780   -0.6869054917
   4.1164815754   -4.0128635321   -2.7932744985    0.1597739946   -0.4452542181   -0.3577955392    0.8051107403
   2.7234025395    4.5818840215   -1.5241657247    0.1082254131    0.6382868018    0.4200866329    0.6359280144
   2.5221002315   -2.8376722025   -0.9688617315   -0.0734154536    0.6358760289   -0.6024525086   -0.4767838315
   4.0493878766   -3.0028694339   -2.0933431786    0.2148086429   -0.5119024414    0.7711762798   -0.3116091829
   3.6967756370   -3.6111276381   -0.6113009905   -0.1067751481   -0.5039177296   -0.6182918818    0.5936169964
   2.8285950142   -4.5055274087    0.3943854240    0.0409659986    0.6967306568    0.3564128217    0.6211747575
   2.9340558302   -2.9177914900    1.7189094324    0.0364797813    0.4025258838   -0.5019237231   -0.7646664074
   3.4999309942   -2.2545073829    0.3984029559   -0.0502201441   -0.6376087719    0.6137205178   -0.4629040042
   4.1236277272   -3.6739418728    1.3622319354    0.1693310653   -0.5560503732   -0.5496731569    0.5999953278
   2.4923364392   -4.2566630502    2.8635215010    0.2250321770    0.3577553935    0.5514029293    0.7192540631
   2.7510826342   -3.1437040514    4.1368797709   -0.0965140118    0.4131684555   -0.6501233361   -0.6303304854
   3.8354299872   -2.7577830845    3.1144252218    0.1602269906   -0.4108266476    0.7522653569   -0.4895361171
   4.1465563532   -3.6557502885    4.0419410957    0.2055339189   -0.5029244768   -0.6124807740    0.5741864509
   2.8945217461   -1.7147717042   -3.9547573126    0.2083010089    0.5258042115    0.4379100710    0.6988386013
   2.8461466612   -0.8249760577   -2.7036986488    0.2732449176    0.5150846890   -0.6318959142   -0.5106197527
   3.7337489139   -0.2004334064   -3.8085530894    0.2226932938   -0.4702827441    0.5561679450   -0.6480116160
   4.1302405615   -1.7062822326   -2.9048283677    0.1830257646   -0.3456813380   -0.6361353284    0.6650848262
   2.9783236421   -1.8964665725   -1.8367994980    0.3044179400    0.3623743672    0.6322658907    0.6133957770
   2.9304073991   -1.0169081927   -0.5714032540    0.0357241241    0.6173329735   -0.6296964854   -0.4702192288
   3.8684473467   -0.1115477306   -1.6335563564    0.0393918978   -0.5290873998    0.5879526863   -0.6105951527
   4.0697161516   -1.7107725636   -0.6816300402   -0.0763381121   -0.4936031741   -0.6917317883    0.5215702563
   2.2627338652   -2.4092861255    0.7047530396   -0.0375350360    0.4596795160    0.7042185343    0.5397796954
   3.0342241731   -0.4581995766    1.0671821235    0.0056630119    0.5258303320   -0.7607555304   -0.3804226798
   4.1858158210   -0.6311734550    0.2049792661   -0.0533090652   -0.5825300233    0.3603139762   -0.7266297228
   3.8673053379   -1.5850557232    1.8390736566    0.2118001842   -0.5268375805   -0.6868918357    0.4536104627
   2.7250660802   -1.8122570555    3.1692435921   -0.0642630253    0.4045908488    0.5346193744    0.7391607627
   3.1316476854   -1.0449063446    4.3258268837    0.1424775830    0.5043112387   -0.6722061656   -0.5229810550
   3.8409378968   -0.5024326514    2.9612258300   -0.2650455155   -0.4344838175    0.5941221187   -0.6228913189
   4.4270922300   -1.1022027996    4.2214235235   -0.0926326116   -0.6097400146   -0.5510532568    0.5621179788
   2.9749096638    0.7464537665   -4.4902980524    0.0223355821    0.5490780766    0.5552035620    0.6243103334
   2.9145419310    0.9712235872   -2.9329158012   -0.0045245861    0.5420469212   -0.5848110106   -0.6034573268
   3.9018611649    1.7301998093   -3.8389537433    0.1529184381   -0.5391666092    0.6872707963   -0.4621408567
   4.3690172177    0.6115667949   -2.9174002015    0.2379470995   -0.5062723310   -0.6171502714    0.5533489381
   2.5601193422    0.0316897114   -1.5899046708   -0.0038499817    0.5967168477    0.6167579995    0.5133456452
   2.9379590018    1.7002801487   -0.7625348170    0.0889010508    0.5143362582   -0.6717761009   -0.5256155315
   3.9523782695    1.7614456450   -1.9940996215    0.0403210380   -0.5195424838    0.3942340798   -0.7569869957
   4.2074135085    1.0411753450   -0.6520080531    0.1383828154   -0.5729830520   -0.5758467369    0.5665166848
   3.1054252257    0.7009338978    0.5332648206   -0.1754920550    0.2644993861    0.9140982291    0.2523232867
   3.1354042715    1.7457533338    1.7774803856    0.2948382098    0.4745114938   -0.7709363242   -0.3058863455
   3.9061857991    1.8497111466    0.5921737457    0.0679249596   -0.4996860944    0.8042510815   -0.3144522300
   4.3437686346    0.9521793046    1.8779561335   -0.1275982567   -0.6152811271   -0.5981551203    0.4973512558
   3.0185932512    0.1285141796    3.0267760046   -0.0120969207    0.5410461008    0.5327513652    0.6506141440
   3.2322555519    1.7952272369    3.9293503003    0.0330909234    0.4910040017   -0.6247508548   -0.6062230865
   4.2227138879    2.1540093622    2.7358750513    0.0978931946   -0.5675134872    0.5777080410   -0.5784451432
   4.3562201580    0.6917300967    4.1405011743   -0.2263426475   -0.4012649485   -0.4456727129    0.7675488779
   2.9336928523    2.8836065604   -4.2446750142    0.2558929397    0.5237744076    0.6145864604    0.5314721593
   3.0591779993    4.0032301820   -2.6544927070   -0.0095030311    0.4231489585   -0.7065032848   -0.5671928772
   3.6190178362    4.3306360001   -4.1218827958    0.0389405682   -0.4920153063    0.6328822223   -0.5965439324
   4.0686959150    3.3117714052   -2.9727341472    0.1041820860   -0.4494485048   -0.5974215078    0.6559189557
   2.8920013623    2.7829725650   -1.9345975959    0.0429221244    0.5016798581    0.5225312310    0.6880669472
   3.1888743313    3.5987087586   -0.7198638935    0.0722522527    0.6193803702   -0.5974432900   -0.5041915155
   4.1739047810    4.3134555467   -1.5782459487    0.1909559818   -0.5415311208    0.6712567535   -0.4687155098
   4.5780774471    2.9435028490   -0.2060018729    0.0375863684   -0.5076452175   -0.6652746600    0.5461622697
   2.6975694130    2.6566533612    0.6789468700   -0.0506550214    0.5865151640    0.6274636492    0.5096306508
   2.7592585442    4.0652187831    1.8400880031    0.4033541250    0.4426372861   -0.7069996266   -0.3762036826
   3.7563425812    3.9965744317    0.5679433540   -0.0666716969   -0.2668626984    0.7006347522   -0.6583692953
   4.2196946699    3.7480167142    1.7383542804   -0.0282301835   -0.4944159960   -0.5241143412    0.6928636497
   2.7525549689    2.4944924659    2.9438191737    0.2388521190    0.4749129314    0.6057572962    0.5920012424
   3.1527220091    4.1959827790    3.6848535797   -0.0137508073    0.4043915727   -0.5430195686   -0.7358044030
   3.8198810339   -4.4834166481    2.5526766483    0.0043467772   -0.6663002967    0.5535273180   -0.4996323933
   4.0626513097    3.1661101960    3.8048790910    0.0367431347   -0.6978058776   -0.2955883428    0.6514172479
