            256
     9.28317767
  -4.2682530852    4.2163769728   -4.1558520909   -0.0689571865    0.5904086148    0.7078511933    0.3815878171
  -4.1471264294   -3.2549583419   -3.5594034575    0.0084989408    0.4574434697   -0.4716537823   -0.7538010014
  -2.8469085185   -2.8749581702   -3.9538138095    0.4955721708   -0.2745881009    0.5806580708   -0.5846758104
  -3.2527012989    4.5296201875   -3.4203908981    0.0522299497   -0.2901454277   -0.8291852538    0.4749099684
  -3.7751937198   -3.7832318954   -2.1613383987    0.2677883844    0.4718569786    0.5351088324    0.6475329416
  -4.0897149207   -3.7557354417   -0.7942976594    0.2274029151    0.0911872927   -0.7399710243   -0.6264309020
  -2.4666068453   -3.0825391034   -2.6550303592    0.7357238894   -0.2516941853    0.2690622381   -0.5683008954
  -2.3956529526   -4.1928233903   -1.5653119275    0.1485498575   -0.5267124125   -0.7700546292    0.3279067588
  -3.8587400182   -4.3101058335    0.4688380152    0.2487362240    0.1942361395    0.9474863071    0.0516943982
  -3.5151594493   -3.0573452488    1.5507283552    0.0207427544    0.2621921089   -0.4242757839   -0.8664958715
  -2.8429689699   -3.3450158659   -0.0470805454    0.0552357677   -0.7263177407    0.4063589692   -0.5516193775
  -2.3966970573   -4.6312238294    0.7739767198    0.1924530805   -0.7265499579   -0.6594648240    0.0138966334
  -4.0916087830   -4.0510428343    2.1745787670   -0.3204830316   -0.0222076541    0.6763029944    0.6628813668
  -4.0192536028   -4.0611373169    3.7583473215   -0.1809004527    0.6275021066   -0.6950203877   -0.3007703330
  -3.1137784223   -2.9490493285    2.9714250067   -0.4282270966   -0.4940002345    0.7288816728   -0.2032654155
  -2.6136319885   -4.6265360990    3.8625744149   -0.2118799882   -0.2760323013   -0.9061841397    0.2402984482
  -4.3640838703   -1.8870978152   -4.1744729731    0.1448359165    0.3474053501    0.5935041243    0.7113964678
  -3.4560008636   -0.6862441860   -3.1827758288   -0.2127632088    0.7692104515   -0.4719784138   -0.3745443568
  -2.5058319559   -0.3180040543   -4.0264506751   -0.4144697019   -0.0280801167    0.0782546341   -0.9062574610
  -1.8934420893   -1.1952996098   -2.1897904161   -0.1777171511   -0.2530332825   -0.7234749446    0.6172315423
  -3.7631011960   -1.7756801953   -2.3910015962    0.3059923996    0.4914516760    0.6135981231    0.5369741567
  -3.4887192288   -2.1996932599   -1.2125003449    0.0626225005    0.5616938210   -0.6322015103   -0.5299997399
  -3.3974028659   -0.4687285550   -1.2674499670   -0.3285832044   -0.3463630691    0.7712191190   -0.4210543582
  -2.3896938254   -2.1170765108   -1.3614479745    0.0876901809   -0.6950620874   -0.6709054617    0.2430740387
  -4.0722170249   -2.5603209310    0.3780818929   -0.0650996859    0.5853768469    0.6895258263    0.4214856023
  -3.4515314936   -0.9564621419    1.1489139834    0.3307357623    0.3031943669   -0.5412666755   -0.7111381142
  -2.9077466389   -0.9082499188    0.0492566568   -0.0025866554    0.0794272373    0.9963976594   -0.0296028304
  -2.6793125582   -2.5825943699    0.9981839342   -0.3513361218    0.0142902114   -0.8694806595    0.3469324173
  -3.9881069243   -2.1763375590    3.3150219581    0.1522315779    0.6844292744    0.7082573866   -0.0821802257
  -3.2505280054   -1.2337912763    4.2890447131   -0.2587651895    0.5455882991   -0.7961844179   -0.0382669227
  -2.6900214889   -1.2063860241    2.3021720327   -0.2566735366   -0.3151471486    0.8964029526   -0.1768126608
  -2.6327565269   -2.1315118472    4.1837548239   -0.5399833721   -0.4162248460   -0.3194821858    0.6581078699
  -3.8473947297   -0.1351056756    4.3099549997    0.1777106708    0.6835850642    0.5344045082    0.4642652249
  -2.9534323852    0.8387920638   -2.4724648157   -0.1685608717    0.5776878378   -0.5920162831   -0.5360790195
  -2.8480227209    1.4907606385   -4.3618828951    0.6023965201   -0.3863588337    0.6724825561   -0.1887127338
  -2.1962010975    1.1561712598   -3.2452574120    0.0273551551   -0.6544986838   -0.6599829907    0.3678391230
  -3.8688175731    0.2987340675   -1.6736594981   -0.0730859026    0.8758115926    0.4456416817    0.1703408251
  -3.2270010832    1.6606387452   -0.1379028465    0.4208002962    0.5693391666   -0.7028546921   -0.0691035886
  -3.0653197625    2.2195361452   -1.4966128829    0.5103749865   -0.3230279710    0.3371932163   -0.7221295161
  -2.3966744081    0.7022596602   -0.4971624573    0.0868952993   -0.4580106354   -0.6361272648    0.6148313328
  -3.5054680919    0.2945028332    0.7893780140   -0.0554764108   -0.0726401601    0.1861673302    0.9782573793
  -3.6839795996    0.6008895198    2.5080955572   -0.2419657321    0.2868758902   -0.7853868163   -0.4922624878
  -1.9336711664    1.4979672015    0.5055996962    0.2682264634   -0.7008888723    0.4986150871   -0.4338114198
  -2.4196844784    0.8668397973    1.6879494411    0.0333424050   -0.1780362150   -0.6264188105    0.7581496317
  -3.6177343884   -0.8433902696    2.5243823473   -0.0479599498    0.7561445211    0.4660308904    0.4569031796
  -3.6405942642    1.6595049311    3.9610876150    0.1404700525    0.5177438390   -0.6095119223   -0.5836991504
  -2.5506712123    1.7662722303    2.9211315265   -0.0123491404   -0.3640903147    0.8361952419   -0.4099551913
  -2.0202428012    0.1805126080    3.8903933467    0.1948732047   -0.2220993883   -0.5221382371    0.8000424721
  -3.9983962370    1.9796119537   -4.0519663088   -0.2715024279    0.6438172862    0.6505046551    0.2977069487
  -3.5430971645    3.3229072402   -3.2954026452    0.1321160380    0.6398516800   -0.1936319596   -0.7318755662
  -2.9502531855    4.2820914986   -4.5672450285   -0.2415818908   -0.7799259562    0.5503384422    0.1745889225
  -2.2532599089    2.3858030762   -2.5562153383   -0.0655447879   -0.1273746563   -0.3569919904    0.9230581220
  -4.2251188036    2.7801074556   -2.0256724147   -0.1116419658    0.3260222590    0.6468340079    0.6803317752
  -3.5388669818    3.0506197100   -0.9582499871    0.1524557559    0.2812451152   -0.7029882830   -0.6351896580
  -2.3858691562    3.8220921461   -2.1507888440   -0.0909736157   -0.2325532439    0.7655601809   -0.5929252900
  -1.7854697279    2.4763097518   -0.8636764918   -0.6470728246   -0.3731651627   -0.4837142446    0.4561414810
  -3.6435068943    2.1148002426    1.1585270030    0.1695664659    0.7228359518    0.6187398751    0.2567418303
  -3.0264008639    3.3272482316    1.2844246163   -0.4489880961    0.0713030119   -0.1458263370   -0.8786695907
  -3.3020470225    4.4290524031   -0.7009414927    0.3702154037   -0.7130491634    0.0169058238   -0.5951601789
  -2.3099121568    3.3811687611    0.2022470517    0.1316525789   -0.5545725434   -0.3767473748    0.7301905971
  -3.4583826812    2.5054189615    2.4394431320   -0.2489992228    0.1003609959    0.6267741134    0.7314924937
  -3.9007637699    3.2115688710    3.8970336415   -0.1399737298    0.4313767636   -0.4867527977   -0.7465876752
  -3.6726333377    4.0943638620    2.9431475301    0.2999075764   -0.2343039382    0.3992268180   -0.8341313194
  -2.5745621898    2.7531766604    3.7778714473    0.2626518712   -0.5596296616   -0.7003996132    0.3567478358
  -1.6695087696   -4.6175200785   -4.0686440484    0.2232971653    0.5320276111    0.6790363820    0.4538662678
  -1.3808398509   -2.7031148835   -3.3076056934    0.5324566738    0.1183753276   -0.6281469871   -0.5548950666
  -0.9323834941   -3.2086108392   -4.5065261055    0.0056745776   -0.4328336905    0.7209367473   -0.5411774219
  -0.1906628965   -3.8652737057   -3.5268418374    0.1562260780   -0.6469056352   -0.3305341767    0.6692187010
  -1.2391623502   -4.2564652134   -2.6296921645    0.1113167584    0.5480635242    0.3199425235    0.7647690726
  -0.9698794668   -3.7497254093   -0.8735817216    0.1540258241    0.4996679619   -0.4273665041   -0.7375404020
  -0.3746384680   -2.7098665142   -2.5066692011   -0.6851587947    0.3732952892    0.6253702936   -0.0109566853
  -0.0423709822   -4.4813025644   -0.9953692531   -0.3519298862   -0.5235709591   -0.3293580195    0.7025255163
  -1.4979177520   -4.3238995177    0.1705375348    0.1014250598    0.6620336613    0.7375448103   -0.0863252071
  -1.1256969049   -3.4205814186    1.4275948273   -0.0537886304    0.6026465125   -0.6256812943   -0.4923889542
  -0.4393871329   -2.4845517973    0.2279311908    0.4054417278   -0.6011902032    0.4678763752   -0.5052514647
  -0.1334851758   -3.6961478121    1.9754469463   -0.3965809909   -0.6226818702   -0.2817800717    0.6128546299
  -2.1939747132   -4.2374147396    2.1374954371   -0.2826631884   -0.2234686856    0.5125059121    0.7794234784
  -2.0424175989   -3.5592069801    4.0622471321    0.3552484206    0.3462658068   -0.1363393436   -0.8575022648
  -1.5354747305   -3.0720194375    2.9951740187    0.1150885071   -0.1667350525    0.6659622673   -0.7179472935
  -0.0329629581   -3.6526796479    3.8225420509   -0.2516894516   -0.3063745166   -0.8588023419    0.3244158029
  -1.7576464739   -1.7619395045   -4.0859071761    0.0224399709    0.5970762060    0.5657551283    0.5682583803
  -1.1618285211   -0.4641306884   -2.8263765846   -0.1744250139    0.4075558694   -0.2832384993   -0.8504411093
   0.0898540751   -0.2859821913   -4.2326722123   -0.2081890247   -0.4603503689    0.7644351117   -0.4004670122
  -0.5950918965   -1.4929946563   -3.1226913028    0.1034955974   -0.6097884803   -0.0676930451    0.7828565145
  -0.9917742992   -2.6605858947   -1.4131602629   -0.5376699995    0.4541189428    0.7104084865    0.0025961113
  -1.3118330244   -0.6601344303   -0.6666235515    0.5964335883    0.4278666677   -0.4414404469   -0.5160692020
   0.1016568442   -0.3851456419   -1.4977609562    0.1857284830   -0.3560416402    0.2088725902   -0.8916902613
   0.0256612208   -1.7641591380   -1.0748928387    0.3971231782   -0.1256063437    0.3583445512    0.8355270256
  -2.0788499058   -2.1220024800   -0.0565241955    0.0821829059    0.3118636649    0.7712277168    0.5488122022
  -1.4994042773   -1.5752466050    1.1799647079    0.1258981938    0.4927172063   -0.4329055341   -0.7442930861
  -0.0510626979   -0.2763519207    0.1862320120   -0.1057772699   -0.5547600647    0.8192588450    0.0993347107
  -0.0599891610   -2.1609952156    1.3819253644    0.2083808748   -0.7084335042   -0.4563891391    0.4963953412
  -1.6921159132   -2.3258935356    2.1250728118    0.2747379383    0.6026963542    0.5546427083    0.5036344271
  -1.5542672167   -1.5219471779    3.8746962338    0.2440273545    0.5181975853   -0.6638184918   -0.4809021967
  -0.6069339014   -1.3113147786    2.4319682329    0.0299722851   -0.4514247566    0.6780167114   -0.5793191611
  -0.3645773037   -1.6296434546    3.8732301990   -0.3487693181   -0.6571970787   -0.5143810976    0.4264552133
  -1.2211885715    0.1422763798   -4.5081640799    0.2016107947    0.2917392167    0.7818618844    0.5127702318
  -1.2051024788    1.0846320870   -3.4801401145   -0.0447206717    0.7636496164   -0.5715624760   -0.2969101900
  -0.4467494604    2.1083340883    4.2194161745    0.1192201294   -0.6886795477    0.6597142694   -0.2761958077
   0.2649272118    0.9679509305   -3.7636459561    0.3225083080   -0.7110561044   -0.3546970448    0.5143710860
  -1.5323722679    0.4105096917   -1.4348747241    0.2682463272    0.7755097278    0.4380618397    0.3670563916
  -0.3925129644    1.1614375689   -0.3721740487    0.1907806684    0.1692894656   -0.8814472064   -0.3974853906
   0.0590782092    0.9854183596   -2.6613013230    0.3923574605   -0.3989483548    0.3338647973   -0.7585711110
   0.3017358929    0.6477327413   -1.0381683150    0.0767411413   -0.6004989601   -0.4987891920    0.6202589283
  -1.4523461365   -0.4439481147    0.6547841768   -0.0067812033    0.5161550159    0.7478363789    0.4174670829
  -1.3365001782    1.9634101868    1.3084745343   -0.1027119435   -0.1142178178   -0.9153089084   -0.3723092116
  -0.5248973289    1.0533411304    0.8879867564    0.2519911611   -0.3536535204    0.2688653525   -0.8597331357
  -0.8702818702    0.1220238064    1.7946031996   -0.4852596171   -0.5682945549    0.0204543120    0.6641882444
  -1.9946088127   -0.2741912752    2.9973990787    0.0806313758    0.0554069023    0.7751208800    0.6241925006
  -1.4585376244    1.4221643836    3.5707504285   -0.5914115230    0.4727333875   -0.5363513204   -0.3729380859
  -0.9511496338    2.1457859829    2.3199234807   -0.6699194383   -0.4389582762    0.5717126358    0.1779557250
  -0.5610521894    0.2793671260    3.5136579118    0.0401598850   -0.5880100393   -0.7837893984    0.1957180534
  -1.8584989392    2.6506236164   -4.5884968764    0.0689809875    0.2396545139    0.7173254325    0.6505778671
  -1.7754452621    3.1827791146   -3.3855766974    0.2364918547    0.6081833568   -0.3797785536   -0.6557079056
  -0.6319673143    4.2475168251   -4.5039892884   -0.4768697367   -0.4757977135    0.7002503153   -0.2363499228
  -0.6072211771    2.4742843922   -3.5779694156   -0.3201016557   -0.6628125860   -0.5693425649    0.3661467597
  -0.9677859518    1.6902771739   -1.9684563512    0.6248242414    0.6270771788    0.3241192005    0.3336399603
  -1.5587316424    3.6551972476   -1.3917373090    0.2641920973    0.6457260719   -0.1383023658   -0.7029315980
  -0.5394037326    3.7338852398   -2.0952473427   -0.4336843360   -0.3778577137   -0.0095318065   -0.8179551269
  -0.3654883223    2.8054167964   -0.8848780283    0.5515098904   -0.4222043073   -0.6658731533    0.2723844846
  -0.8135436887    2.9590823763    0.1219306657    0.5648199360    0.2655138429    0.3001489048    0.7213816424
  -1.0904908636    3.9597606864    1.6130364943    0.0241062843    0.5852254518   -0.3752028736   -0.7184377923
  -0.3886263395    4.5819017860    0.4985868136   -0.2385070683   -0.7515356922    0.4933660958   -0.3672851443
   0.2466576588    2.7271915728    1.2449079561    0.3257411713    0.0618391283   -0.6272426270    0.7047235617
  -1.9446249001    3.3896320623    2.3851916563    0.0090127063    0.5741460809    0.1345661521    0.8075685727
  -1.2230957132    3.5477921845    3.5880280877    0.2836819255    0.1903714868   -0.5732564900   -0.7447551671
  -1.1962328816   -4.4764563325    3.3145983379    0.5780019342   -0.1511697880    0.7834855361   -0.1709148152
  -0.1112535948    3.0237671359    3.0643709766    0.0690351469   -0.5895575498   -0.3221271564    0.7374890773
   0.3948666880    4.3797106958   -4.5615744951    0.0910978537    0.7488877056    0.5431965036    0.3685185802
   1.4433970819   -3.6720526562   -3.1348188475   -0.2614945663    0.1004495464   -0.2204743227   -0.9343027098
   2.1822378803   -3.3489746964   -4.5079935184   -0.3114303144   -0.5604831055    0.4719701714   -0.6050735534
   2.3924160284    4.4498814136   -3.2660967477   -0.2204692753   -0.4976929349   -0.2183878008    0.8099393864
   0.6550870768    4.5390189041   -2.6911775174   -0.2922395040    0.2701780813    0.2388033150    0.8857611718
   0.6617779619   -3.5111714862   -1.0100157889    0.1128578086    0.6953634714   -0.4966174132   -0.5070541417
   2.1863449747   -3.2750426157   -2.0634406314    0.0309404459   -0.5909263150    0.6388043419   -0.4917090521
   2.3764597523   -3.4798509244   -0.6128389669    0.1497283473   -0.1772486950   -0.5463379065    0.8047851975
   0.6776821730   -3.9154206853    0.3607062398   -0.4499171170    0.0702703947    0.7540645366    0.4733110331
   1.2464980572   -3.7814551027    1.6272218407    0.0407882097    0.1968478177   -0.9198470334   -0.3368511448
   2.0530432446   -2.6357048726    0.1072939545    0.2170058737   -0.4438573972    0.5289611604   -0.6899993860
   2.3895319980   -3.4614047869    1.1736241360    0.0603355510   -0.4254583707   -0.8240309592    0.3692123704
   0.8141989702   -4.4704900532    2.7169223011    0.4648192541    0.8093695300    0.2023604801    0.2965033914
   1.0698452010   -2.9666229183    4.1088825651   -0.4969200381    0.2461312627   -0.7251786015   -0.4081738273
   2.2306802187   -3.0616935742    2.6639794840    0.0877961753   -0.6375889859    0.3829696230   -0.6626510277
   1.7848919645   -4.5448629084    3.7346266584    0.2915512518   -0.2493836751   -0.8272171947    0.4105086637
   0.4998469807   -2.4128430052   -4.0163077277    0.1298293709    0.6254982959    0.0843573729    0.7647091276
   0.7943279209   -0.8918785338   -3.2420420566    0.6362538905    0.2555276620   -0.3897561420   -0.6147981381
   2.1577028622   -0.9526486600   -4.4332248644    0.1767563374   -0.6364606799    0.0376468508   -0.7498384591
   2.3290625686   -2.2594828277   -3.0846322689    0.5198653000   -0.4167866364   -0.6285797696    0.4011439179
   0.7943926684   -2.9467217180   -2.2906825171    0.8290753292    0.0554978432    0.2235576294    0.5094860885
   1.4210482152   -0.5943864937   -0.2666837396   -0.0208553440   -0.2504644993   -0.5260427602   -0.8124725249
   1.4964276709   -1.2212809473   -2.4200703521   -0.1269450351   -0.3267000107    0.5890738873   -0.7281098931
   1.7040750075   -1.4851995888   -1.3102472281    0.0146010632    0.2573931562   -0.5174778758    0.8159364070
   1.1110202732   -2.1514240930    0.5519408503   -0.2646310602    0.5268070791   -0.0354738775    0.8069611561
   1.3428239411   -1.6110065435    2.0300700200   -0.0823091685    0.5367542662   -0.7382837466   -0.4000714537
   2.2730659095   -0.6621317817    0.7633255510   -0.2986593174   -0.3178080825    0.7827842184   -0.4439025820
   2.6368990157   -1.4779465085    1.7559272963    0.0260001665   -0.7430565711   -0.3964196475    0.5385558343
   0.8257093698   -2.6587635478    2.7258653807    0.2213289362    0.3868000296    0.3502007692    0.8238681086
   0.5765924283   -0.7364793879    3.1104841419   -0.2355726189    0.6259531918   -0.5516156694   -0.4984057546
   1.5096999235   -0.1032978364    2.3898468813   -0.5092304644   -0.3406611456    0.7895447324   -0.0354038643
   0.9574030331   -1.6551684870    4.0046224476   -0.0984375637   -0.8442385924   -0.1350796851    0.5092393581
   1.2874922855    0.0909291236   -4.5224760813    0.0039875040    0.7527142295    0.5947638075    0.2822435152
   1.1511878004    1.5146726383   -2.7023029116   -0.3770003357    0.6409212881   -0.5850768084   -0.3236908674
   1.9607431024    2.1402167032   -4.5887485720    0.0452335221   -0.5513854590    0.7175272506   -0.4231815790
   2.1431725297    0.3323793040   -3.9455058068   -0.3242523211   -0.7226111909   -0.5365530662    0.2912117894
   1.3064882875    0.0284550052   -1.7320247848   -0.6569591265    0.3279884530    0.4735357434    0.4864074224
   1.4702832748    1.9047190066   -0.8787213797    0.2237549505    0.3570528500   -0.7299584676   -0.5381520417
   2.5481779504    1.6856662427   -2.7049839965   -0.2894607883   -0.5695282186   -0.2034213686   -0.7419365250
   2.6841615049    1.0383154063   -0.6080902517   -0.4493271082   -0.0364358567   -0.4518108603    0.7698340890
   0.8179682623   -0.6257825515    1.0345339648   -0.0743752415    0.4060858533    0.6185969937    0.6685060678
   1.0464964199    1.0436613459    0.8806697689   -0.3292618311    0.6208887532   -0.3585683575   -0.6144204877
   2.2021455423    1.7338106346    0.5425915051    0.6500995175   -0.3716057776    0.6502407475    0.1283227713
   2.5005528334    0.5708019375    1.3259788257   -0.5170034353   -0.0810475089   -0.6014440283    0.6036587032
   0.4092106658    0.6241137713    2.4804124783    0.2632102038    0.6116370114    0.1829605421    0.7232883208
   0.7052346728    0.9927792462    4.0202103517    0.3115668115    0.4880752110   -0.2988939867   -0.7585321978
   1.3903808766    2.0034534068    2.2102282081   -0.0803989481   -0.7740408093    0.5734608125    0.2560068968
   1.9786161280    1.0721964325    3.5375293600    0.0342540029   -0.5032326523   -0.6793703025    0.5329536124
   0.8569618294    2.5298101410   -4.6153210992   -0.1793629006    0.2582102749    0.2438188146    0.9174468865
   0.5469445820    3.2945321157   -3.3847271024    0.1669132247    0.3147289203   -0.7333144786   -0.5790816502
   1.4009440403    4.4870727485   -4.3391847436    0.1838343628   -0.5584608966    0.7429717280   -0.3198739838
   1.9649573508    3.0370615734   -3.2875151527   -0.3718004406   -0.6391624349   -0.4847502734    0.4671755416
   0.7193156281    2.7065049621   -2.1678788538   -0.0453152580   -0.2190776322    0.8421401066    0.4906644061
   0.6808328078    3.7812464044   -1.0384831097   -0.2567890492    0.6393036029   -0.6569531360   -0.3062072250
   1.8436352889    4.2069542286   -2.1556715380    0.3739432882   -0.3937585889    0.5302287311   -0.6511359947
   2.0054888026    3.6700307809   -0.9218221772   -0.1686086619   -0.5644823896   -0.7426926077    0.3183369937
   0.8636252455    2.4713802480   -0.0664955922    0.1671899051    0.0138618339    0.7982514253    0.5784894530
   0.6838398732    3.6360417068    1.4779796975   -0.4390537210    0.3025525611   -0.3175392460   -0.7841317524
   1.5605083043    4.2699783697    0.5483669062   -0.5410695538   -0.3783818239    0.5050538622   -0.5558700654
   2.2865086535    2.7000179582    1.2395298714    0.1888591495   -0.3506678790   -0.0381205260    0.9164666311
   0.4441255805    1.8835852921    2.4738176912   -0.5918097140    0.5701912137    0.5139202554    0.2460268548
   0.8418287237    3.7007718997    3.5165038648   -0.2875234540    0.6785271088   -0.2701000489   -0.6196589301
   2.0334871864    4.0602539716    2.0974916460   -0.3967175299   -0.4845210777    0.7661438200   -0.1444928163
   2.2853445078    2.9640389744    3.6436489736    0.0158951911   -0.3480035648   -0.9000076361    0.2619677781
   2.9968614462    4.2842563261   -4.3968397415   -0.3510542590    0.8039433143    0.3982991926    0.2679436655
   3.4997175678   -3.7962618952   -3.4162527391    0.1476275857    0.8259394063   -0.1684178820   -0.5173640982
   3.7390630097   -2.3787815815   -4.2747258581   -0.0673116676   -0.7830787016    0.3516622510   -0.5085179916
   4.3966791359   -4.4925050508   -2.7431667653    0.4201109861   -0.5703594067   -0.4754817812    0.5216454565
   3.1754073986   -4.5041902179   -1.7949354727    0.0420747719    0.3869307023    0.6707720842    0.6313312572
   2.8281367249   -1.9488774042   -1.3323767493   -0.1363472116    0.7039771548   -0.6918406953   -0.0847470104
   4.0781827140   -2.7264265602   -2.1138931210    0.0727919804   -0.2223285831    0.9654592753   -0.1147158076
   3.9073674759   -3.4972608453   -0.6553535822   -0.2816962939   -0.6364519728   -0.6401392216    0.3252658319
   2.8313192764   -4.5715171811    0.1416217942   -0.3574406495    0.4118232423    0.3184960819    0.7753696183
   3.3992519266   -3.0125891294    1.5230226553   -0.2416388769    0.5352251072   -0.3100179712   -0.7476854922
   4.0878326057   -2.1356210613    0.3044910059   -0.1785339981   -0.5916096436    0.5853250909   -0.5248982559
   4.4013810469   -3.8877007609    1.1335401354    0.2259134087   -0.5261208021   -0.5832229987    0.5762039285
   2.7462921525   -4.5628501679    2.5633482754    0.1099474573    0.3539946696    0.6361337063    0.6767076461
   3.1974433084   -3.3628202706    4.0869122515   -0.3151346721    0.3790603534   -0.6348462642   -0.5949568117
   4.1585049511   -2.8220244954    3.2417147884    0.3808437910   -0.3205497313    0.8204891537   -0.2810754797
   4.3107908331   -3.9073530101    3.8392567662   -0.0506031059   -0.7221709480   -0.6709644465    0.1603594687
   2.4388681887   -2.2894181243   -4.1773196625    0.2789492517    0.0437075161    0.4121276899    0.8662723217
   3.3106770076   -0.7252726436   -3.2011561070    0.3100613666    0.5541078214   -0.5098183543   -0.5804409676
   4.2509787432   -0.3509632025   -4.3895603030    0.0374642583   -0.5124459961    0.1827057358   -0.8382208209
  -4.3505051751   -1.6528747367   -3.1640075036    0.4206615763   -0.2425572223   -0.5302043458    0.6950490514
   3.5391132004   -1.2881744029   -2.3628633418    0.2943745441    0.4103884328    0.5862778478    0.6334060681
   3.1844229929   -0.5605132140   -0.6742895647   -0.0752996924    0.6401273517   -0.1761509345   -0.7440011951
   3.9361834876    0.2955229524   -1.5513724313   -0.2669860792   -0.2468375631    0.9039010811   -0.2252831254
   4.3097581865   -1.7170880226   -1.1463151499    0.2348692002   -0.5947700686   -0.4907091443    0.5918526505
   3.0469189022   -2.0041799116    0.1719989604   -0.2859907462    0.4287776645    0.6234407683    0.5879460995
   3.9710527828   -0.4626887377    1.0565295961    0.0505502572    0.4618907265   -0.6768151043   -0.5709841880
  -4.4714380684   -0.9741562291   -0.0458863095   -0.1215113547   -0.7617954743    0.4689550801   -0.4300974062
   4.2510768646   -1.8086173202    1.7561332698    0.5069472213   -0.5623665881   -0.3740338622    0.5355809979
   3.1002136726   -2.2124313727    3.1170231045   -0.0824442085    0.2118292702    0.2711856146    0.9353019166
   2.6836723631   -1.2534579242    3.6878671257    0.1802458979    0.3369160092   -0.9139141070   -0.1369672374
   4.1810914950   -1.1670667784    2.6663010349    0.1339813701   -0.1993737483    0.6566164167   -0.7149503355
   4.3144880882   -1.2991480581    4.0903721676    0.3852797087   -0.3932961078    0.0112875498    0.8347157055
   3.0306051127    0.0228112345    3.8652806742   -0.0231019043    0.8387845251    0.0772896216    0.5384543963
   3.4139997497    0.8633280342   -3.3272074225   -0.3175446934    0.4254408323   -0.7522983801   -0.3901443493
   4.2898885945    1.1392077943    4.5235657182    0.0210132278   -0.5953392153    0.7781330135   -0.1990946417
  -4.4849788734    0.3530658147   -3.1360588930    0.1663732630   -0.8597097561   -0.2892467763    0.3867239003
   2.3561970683    0.4415054707   -2.0064820913    0.2730611084    0.5449927763    0.7888542873    0.0782906014
   3.2560259604    1.7955205878   -1.4775335625    0.2605406472    0.4543837979   -0.5538073516   -0.6472645153
   4.5557473662    1.4752232060   -2.6268591785   -0.1265033149   -0.5613333661    0.0952347399   -0.8123005034
   4.6041841772    1.0755081323   -0.8516203121    0.3515613194   -0.5784240967   -0.2539341400    0.6909035067
   3.6307499691    1.0481132716    0.3615009135   -0.0273245643    0.2597918675    0.7371576864    0.6231854452
   3.9894114309    2.0551852854    1.2625350297    0.0801712744    0.2588531363   -0.8973934516   -0.3482134600
  -4.4612157860    1.9171728793    0.1694565818   -0.0272433870   -0.7618471697    0.6337273573    0.1312871832
   4.2418842819    0.8774976727    1.6216456233   -0.1012079572   -0.9414703607   -0.2635792343   -0.1841643194
   3.1184130740   -0.3091677417    2.2725532734   -0.1210700666    0.1343979654    0.4521423351    0.8734108625
   3.0397046011    1.3249488247    3.2673238857   -0.1104816562    0.3148495238   -0.5253415878   -0.7827386519
   3.8650634313    1.9679116130    2.4604813590    0.5165869322   -0.3866384508    0.2287117952   -0.7289304251
   4.5849311027    0.5689342534    3.0600636296    0.2147017556   -0.6902136115   -0.5631403073    0.4004763676
   3.0784422544    1.8472882036   -4.3645950157   -0.0317090297    0.5178486429    0.6307786076    0.5770144441
   3.7396094812    3.6236176106   -2.8048542445   -0.2890177887   -0.0766810925   -0.9497753244   -0.0922797981
   3.6800994967    3.5927463629   -4.3997647885   -0.1015786673   -0.3970158756    0.8874250702   -0.2110377068
   4.1613665892    2.5737306568   -3.4176153585   -0.0359599701   -0.6898952863   -0.2856327876    0.6642027440
   3.0434513593    2.7587940550   -2.3702474257    0.2594580874    0.6306821334   -0.0469951863    0.7298719065
   3.2960612093    3.6055190915   -0.8536159007   -0.0915659536    0.8027004417   -0.3211280036   -0.4941300258
   4.3181526544    4.3989376274   -1.3581558672    0.0177912093   -0.4515434298    0.5891944359   -0.6698073757
  -4.3096456139    3.3522884804   -0.3596947053    0.1240633898   -0.4760235023   -0.7271067031    0.4788796747
   3.2546088536    2.7626142474   -0.1548729263    0.2373560754    0.6955464959   -0.0330151797    0.6773382932
   3.1486148035    3.8161356358    1.3754302314    0.5444521865    0.5969315323   -0.5143041580   -0.2876383067
   4.2223401747    4.0265765812    0.3870504508    0.5835194016   -0.4107816952    0.2446099692   -0.6564521840
  -4.4212662197    3.4071618505    1.7229856536   -0.0093196182   -0.8659961563   -0.4486028046    0.2207245473
   2.8060367907    2.5835681796    2.5087576848    0.7146663745    0.1963392353    0.2639915665    0.6172611527
   3.6068257553    4.0184247498    3.5330859470    0.0280950654    0.1601141270   -0.7358915801   -0.6572957599
   4.0697135381    4.3868908127    2.0672305935   -0.0555770161   -0.7428530219    0.6231619548   -0.2382220840
   4.1412639838    2.7293450599    3.6436282058   -0.1461987930   -0.5467076718   -0.3495404775    0.7466981245
