            256
     9.28317767
  -4.5601984100    4.4155763236   -4.0357418920    0.0362893607    0.6255448144    0.6817493077    0.3776170665
  -4.1320598469   -2.8323954716   -3.3014479044    0.3240857448    0.3510333266   -0.4554966778   -0.7511769499
  -2.9805272561   -2.7884874138   -3.8108994639    0.5186286090   -0.1960448652    0.3311071112   -0.7635174246
  -3.3354827727   -4.3168011495   -3.2135452696    0.3866853022   -0.4295840879   -0.7015217459    0.4168923465
  -4.1159876187   -3.6891769828   -1.6948717481    0.0100038855    0.5485869455    0.8341564276   -0.0559941057
  -4.3544446173   -3.6740020636   -0.4071744968    0.3153627592    0.2397859016   -0.5171968361   -0.7586543905
  -2.9385435415   -2.8046758193   -2.1736347171    0.0584983124   -0.5914809231    0.5850114216   -0.5518060363
  -2.4082609942   -3.6194125530   -0.8957304168    0.0429718881   -0.6108644180   -0.5386988903    0.5786204156
  -4.1971464471   -4.3108607453    0.4468716535    0.1830373829    0.5568996134    0.6039260501    0.5400309835
  -3.7381927758   -2.7899045463    1.6659516895    0.1405645817    0.5079685390   -0.4330534518   -0.7312142434
  -2.9235981508   -2.8211671557    0.2793277741   -0.2634120032   -0.8211373843    0.3457289802   -0.3698905039
  -2.5148456144   -3.9196135840    1.3746780227    0.1956822744   -0.4940488209   -0.8438078173    0.0749171378
  -3.9889176098   -3.6944478280    2.5288251469   -0.2880458580    0.1919850834    0.6211220052    0.7031207337
  -4.0397419764   -3.8989492443    4.1160001191   -0.2953309072    0.6654568403   -0.6572664093   -0.1948017357
  -3.1538317919   -2.6382443337    3.7405958805   -0.2233171258   -0.4492506453    0.7828259244   -0.3680854400
  -2.5995001416   -4.1062803774    4.1884940439   -0.0452353614   -0.1445781993   -0.9495550470    0.2745835375
  -4.3688532855   -2.0362128891   -4.0336923680    0.2703255681    0.4347161341    0.5091439837    0.6918947708
  -3.4730792885   -0.7629911734   -3.0940157102    0.0783697264    0.7974400481   -0.4749889679   -0.3637760797
  -2.2421619336   -0.3583019937   -4.0796007409    0.0822153934   -0.5794587339    0.0660383574   -0.8081504440
  -2.0879664599   -1.1498044265   -2.0110920906   -0.1008399407   -0.1620580942   -0.6379670744    0.7460338414
  -4.0619334385   -1.6042326457   -2.1161857645    0.3564141736    0.4252187423    0.5592140957    0.6159850269
  -3.8022861772   -1.8831493049   -0.9078682389    0.0989396689    0.6182669623   -0.6593299903   -0.4162221391
  -3.6856151537   -0.1499494625   -1.2436650370   -0.2368398623   -0.4430686905    0.6624889055   -0.5556126936
  -2.6573385846   -1.7719136522   -1.0855593927   -0.0301359380   -0.5814568239   -0.6982562672    0.4164588486
  -4.4398579798   -2.1022686849    0.5697193999    0.0806789588    0.5633766483    0.7620396164    0.3088580268
  -3.7528818816   -0.8388346246    1.3920742222    0.3357940169    0.2940924288   -0.6933930490   -0.5656483901
  -3.1210296804   -0.4618194377    0.2352699236    0.1049906499   -0.4835704691    0.8342742908   -0.2431521595
  -2.7560968848   -1.7089761316    1.0458815915    0.0588410431   -0.6506511112   -0.4473776048    0.6107733965
  -4.1364993831   -1.9763582230    3.3003995335    0.2963089903    0.5311293279    0.7745876212    0.1735414544
  -3.3366662086   -1.0438236578    4.3567374515   -0.3895218522    0.3638151652   -0.7978463021   -0.2816958120
  -2.9508890460   -0.9837550991    2.6033882185   -0.2637730083   -0.3987878106    0.8614393063   -0.1712144966
  -2.3066565740   -1.5187704463    4.3297419114   -0.4450789693   -0.5524771922   -0.4069533638    0.5753804158
  -3.8884461666   -0.1449078242   -4.3625776010    0.2300848795    0.6300643511    0.4324901505    0.6025214780
  -3.6444634953    1.0762187895   -2.6983483890   -0.1313265184    0.5077676719   -0.6292094115   -0.5736033939
  -2.9411463141    1.6611823273   -4.0836411178    0.3862774139   -0.4726461193    0.7662608721   -0.2005983085
  -2.6793953645    0.8167706972   -2.8085261135   -0.2077591912   -0.4592902100   -0.6890249056    0.5207046197
  -4.2886772021    0.5195005680   -1.7513257087   -0.2671416779    0.7195185313    0.6133766759    0.1862725437
  -3.6416650012    1.8137240357    0.3545317546    0.4694840071    0.4271421452   -0.6437411695   -0.4274712406
  -3.3229615758    2.3126206867   -1.4604553660    0.3903584001   -0.4085073715    0.6518042476   -0.5058589426
  -3.0559581943    1.1306808994   -0.3829881199    0.1507698648   -0.3956729080   -0.6104849768    0.6693425811
  -4.0629270161    0.4186191323    0.9753585106    0.3101390877    0.4332695897    0.1271233639    0.8366187060
  -4.0914714128    0.6468799904    2.4796274188   -0.3162989078    0.4933736102   -0.6591366603   -0.4712497691
  -2.5463027155    1.6881964307    0.9647646639    0.3100828225   -0.7826289723    0.5266215131   -0.1183651847
  -2.7843997000    0.9069402083    2.0328755166   -0.0351260209   -0.2376203714   -0.6968689066    0.6757784021
  -3.8641717803   -0.5788702562    2.7935563087   -0.1189203085    0.7482456567    0.3875397832    0.5251659870
  -4.0269952909    1.9739407372    4.0587527707    0.3353798329    0.4697133122   -0.6790842191   -0.4535795359
  -3.1457853410    1.5972342745    2.7583660046   -0.1356654810   -0.3030472928    0.5714085885   -0.7504994607
  -2.6924973565    1.0845564324    4.0828757597    0.1751429138   -0.3909950228   -0.5584392998    0.7103473801
  -4.3014224301    2.5471132223   -3.8823922115    0.1267811069    0.4740592355    0.7471056840    0.4483608916
  -3.6576863772    3.5820227211   -2.9855752100    0.2639360411    0.6896774680   -0.3613600835   -0.5692992591
  -3.0522216799    4.4576180847   -4.2731664896    0.1274704076   -0.4277115633    0.8370712940   -0.3164265516
  -2.5819354269    2.6553753325   -2.3801450046    0.2011493793   -0.3150770452   -0.7852484513    0.4936094129
  -4.1975249484    2.9507225057   -1.9430590182   -0.2111971297    0.3640535635    0.6143671557    0.6673932673
  -3.6961880968    3.1737499928   -0.5740033491    0.1513361834    0.4323479375   -0.7499923742   -0.4771625082
  -2.8545523907    4.6071813627   -1.9235426309    0.0888370905   -0.6943842951    0.5688778820   -0.4316438087
  -2.3549174462    2.9908811443   -0.7887821243   -0.4001916831   -0.5481918182   -0.1473582033    0.7194566750
  -4.1599202298    2.3892637908    1.4765071335    0.0268925776    0.5720989596    0.6750188941    0.4651118816
  -3.5149312609    4.2394244786    1.5067653286   -0.0834911780    0.3743647301   -0.7877428629   -0.4820181056
  -3.0562447359    4.2964307157   -0.0240507527    0.2336887956   -0.7354979354    0.0044151299   -0.6359346197
  -2.2892798374    3.2368046980    1.0532667149    0.0696236385   -0.6586382672   -0.6255986609    0.4122796350
  -3.4159988117    3.1072689449    2.1783347088   -0.4695553108    0.0315444509    0.4618748818    0.7517940883
  -4.1254901016    3.4887608269    3.6532461320   -0.0828367239    0.5772055004   -0.5811636613   -0.5676448593
  -3.5778971401   -4.5966331899    2.8049346048    0.4610216342    0.0990415443    0.4841800325   -0.7370342743
  -2.7306151522    2.9720924350    3.8040664865   -0.0967269989   -0.5543328130   -0.7755097638    0.2862579717
  -1.7608000940   -4.2573848007   -3.6428250028    0.1881378648    0.5934142479    0.4596973882    0.6333577074
  -1.3297364957   -2.6232135362   -2.9499951825    0.4801115600    0.3484045887   -0.5878027286   -0.5500864339
  -1.0540519596   -2.9152751462   -4.0275962380    0.1385198330   -0.3360004725    0.7027143397   -0.6116440919
  -0.1349468221   -3.5519009789   -2.8714867607   -0.0755558814   -0.5397430600   -0.5504664872    0.6324202594
  -1.4649936660   -4.0689610837   -2.1438855441    0.0825641425    0.4917459087    0.2824127492    0.8195194706
  -1.1816236865   -2.9775240465   -0.5674033031    0.2259388154    0.3967323174   -0.3599087984   -0.8136465922
  -0.2199281225   -2.4607279871   -2.1132556406   -0.4516738151   -0.2460397618    0.7667853166   -0.3840514010
  -0.2455020955   -3.6663375636   -0.7546260919   -0.2483658908   -0.6232996850   -0.4909704927    0.5556616438
  -1.5976597188   -3.7523046272    0.4101380625    0.3142215747    0.6102287816    0.6192741542    0.3812940573
  -1.3818958118   -3.1481805225    1.6635700266   -0.0475341841    0.6300377768   -0.4681542132   -0.6177576659
  -0.0957082724   -2.4562387307    0.4135533232    0.3300596967   -0.5791623946    0.5461750493   -0.5072714587
  -0.3319812439   -3.6211165520    2.1993129364   -0.3190038721   -0.6110236285   -0.4329855441    0.5808701866
  -2.0773870377   -4.2878943847    2.5563334169   -0.3135552544    0.0589064079    0.6300534814    0.7079871102
  -2.0719885698   -3.0768538578    4.2533987381    0.2334038276    0.3412853663   -0.1204898096   -0.9025126912
  -1.2959088320   -2.6352697970    3.2437751533   -0.0995689766   -0.0513375548    0.7111186480   -0.6940898666
  -0.4584587664   -3.3545791643    4.3221188115    0.1957022119   -0.5284960688   -0.5859342839    0.5823002357
  -1.6888738885   -1.6320441936   -3.6391715648    0.0084658510    0.6616125594    0.4438555685    0.6043090144
  -1.1461028516   -0.0053281534   -2.5085828946   -0.0613369799    0.1105503353   -0.5979282684   -0.7915163827
  -0.5003719819    0.4958607598   -3.7696430459    0.1404120750   -0.5629884456    0.5114115258   -0.6338664770
  -0.4765141554   -0.9942714628   -2.8395187189    0.0839923148   -0.6189142450   -0.2195898070    0.7494469728
  -1.3207392827   -2.2946329952   -1.6893463858   -0.1226097736    0.7611017666    0.5377503243    0.3413437169
  -1.6438781990   -0.3821706106   -0.4533570156    0.1374485671    0.4219147038   -0.5320697036   -0.7211086636
  -0.3024644843   -0.1598563908   -1.3024183552    0.0463623900   -0.2214871265    0.3505498799   -0.9087952263
  -0.4022104332   -1.4457356628   -0.7812453951    0.3358338811   -0.3360504876    0.1293902476    0.8703699431
  -1.7355661861   -2.0139671563    0.2990402359    0.0746449036    0.0710772293    0.8701230886    0.4819356560
  -1.6105747348   -1.2032053679    1.7059600781    0.0515787264    0.6657927121   -0.3363024963   -0.6640484399
  -0.8092244523   -0.4311156066    0.8991142872   -0.1605550328   -0.2955046431    0.7822500023   -0.5243891887
  -0.4981819706   -2.0185641847    1.7507098121    0.0215585443   -0.5818561216   -0.6990093389    0.4151681914
  -1.9672675469   -2.0473926529    2.4816344793    0.3855615393    0.5985006503    0.5057162038    0.4872272491
  -1.1372261499   -1.0907767735    4.4690349062    0.0655568970    0.5505957216   -0.7006264572   -0.4490759536
  -0.7131643186   -1.1235564931    2.9261923639    0.0685188778   -0.4756030678    0.7298495527   -0.4862370983
  -0.0263345023   -1.0771370236    4.5754216343   -0.2878049921   -0.4093923797   -0.4932189617    0.7115484676
  -1.7140745024    0.7076300449   -4.2468714693   -0.0088482553    0.1672191557    0.6608705791    0.7315801666
  -1.6772256498    1.3711077607   -2.8934736560   -0.1261492050    0.5456230398   -0.6954451806   -0.4502642307
  -0.9485169204    2.3589607695   -4.5539439751   -0.0101671879   -0.7595532912    0.4606817224   -0.4590727359
  -0.4104311822    1.2176052695   -3.0434582400    0.3174219126   -0.6752877836   -0.3952285670    0.5357463192
  -2.3114286781    0.5166286906   -1.3376889706    0.3876990219    0.5092153388    0.4933754227    0.5890415091
  -1.5537082260    1.6366187854   -0.2857155189    0.2061369840    0.5786722014   -0.5506053482   -0.5652254220
  -0.1978679426    1.3949751586   -1.8297824070    0.2845056917   -0.4980737681    0.5586187277   -0.5991027876
   0.3756003663    1.1055185980   -0.6100389558    0.0351534332   -0.1869392675   -0.7877721047    0.5858609541
  -1.9232595748   -0.1024065501    0.8055495174   -0.1583508495    0.5404392985    0.6351671845    0.5285953281
  -1.0434850800    1.7705772549    1.5073642394   -0.0799211471   -0.1150928556   -0.7977751321   -0.5864478522
  -0.7274150499    1.2876125123    0.4595502434    0.0598458148   -0.1589200425    0.8787140523   -0.4461216346
  -1.2523930935    0.3978533203    2.1366716068   -0.1150572858   -0.5120800637   -0.3735814259    0.7648351114
  -2.0578324468    0.0010474816    3.2073766630    0.1225013858    0.2491675679    0.6635616084    0.6946905250
  -1.8208088830    1.9237696182    3.6689162693   -0.3655315427    0.4657844603   -0.7001953388   -0.3989461308
  -0.8663429458    1.8984215586    2.7696577267   -0.3736971801   -0.4510606367    0.7660966231   -0.2645575242
  -0.7483233125    0.4525575481    4.1664607197    0.1382549515   -0.4415536875   -0.7637874265    0.4500496378
  -2.3709910788    3.0686416136   -4.2555055819    0.2752601987    0.1897683271    0.7492299746    0.5717291756
  -2.0306772306    3.5622479965   -2.8279861754   -0.3652479703    0.4597464291   -0.6889657242   -0.4249157234
  -0.9334552005    4.2689376682   -4.1939192183   -0.3879515663   -0.6131013240    0.6292309703   -0.2786911101
  -1.0721873821    2.9581318288   -3.1357134453   -0.4820507909   -0.4235842795   -0.4575146388    0.6155353349
  -1.3206879460    2.0688479535   -1.3636962826    0.8613532401    0.2858194945    0.2178211126    0.3590707107
  -1.6613317771    4.2398237888   -0.8470164169    0.1952598536    0.6555201135   -0.4932317747   -0.5374843131
  -0.8957699514    4.2174289166   -1.9376241965   -0.0884920198   -0.2521230196    0.2483629888   -0.9310848357
  -0.5164748668    3.1020171906   -0.4322816789    0.2502123165   -0.4568719905   -0.6523676171    0.5505254519
  -1.2277336162    3.2821543399    0.4723726621    0.6091838786    0.5367440082    0.4622208752    0.3565848205
  -1.2345106388    3.8210959270    1.8489278375    0.1682512126    0.5606513427   -0.2864006505   -0.7585092411
  -0.6933480671    4.4370777970    0.8073789722   -0.1485146602   -0.5288552607    0.3813001255   -0.7435494087
   0.2169706913    2.6630073220    1.6620069303    0.1350275184   -0.0965753538   -0.7201509747    0.6736641181
  -1.7489125342    2.9556046467    2.5545559582    0.2684987335    0.4689491634    0.5499124483    0.6368605903
  -1.4571356182    3.8938604393    3.9154527354    0.1860213822    0.1386265674   -0.5067972988   -0.8302621382
  -1.2913191006   -4.6156115550    3.2373990825    0.5237206278   -0.4492395637    0.6790372532   -0.2506170929
  -0.4441089954    3.2007284478    3.5179671127   -0.1345458664   -0.7103845597   -0.2511828672    0.6435513612
   0.2080926168    4.4559434500   -4.2489815894    0.1042624378    0.6511873721    0.6503068367    0.3770747522
   0.9915265393   -3.2179524850   -3.1397159737   -0.1646088258    0.4063061065   -0.6777647056   -0.5903001662
   1.8415839131   -2.9743560337   -4.2155330608   -0.1631897916   -0.6854534631    0.5642356828   -0.4303030747
   2.0381058110   -4.5005239083   -2.6920560638   -0.0593174135   -0.2226532707   -0.5418824636    0.8082514220
   0.5982626117   -4.4814403758   -2.1598231248   -0.1612588178    0.5857994223    0.1900623065    0.7711750451
   0.8378895799   -3.3855101307   -0.5192487115   -0.2146878141    0.5082023282   -0.6510638488   -0.5213016410
   2.0041155822   -3.0150411752   -1.7914726806    0.2282092679   -0.5189275235    0.7479327670   -0.3452989017
   2.0155203162   -3.4672385590   -0.5072461986    0.0085494482   -0.4025850422   -0.6735458008    0.6198292064
   0.4107172392   -4.0138319530    0.7966943630   -0.2003464499    0.3701136806    0.4444022531    0.7908121148
   0.9956382954   -3.5671009272    2.3460130335   -0.0548428749    0.4662597232   -0.7419574816   -0.4786368406
   1.5992218582   -2.6607250862    0.6731053644   -0.0723727507   -0.4563263769    0.4019448614   -0.7905496512
   1.9345759148   -3.3060400677    1.8380094275    0.1458862442   -0.3710393860   -0.7876291802    0.4697736181
   0.1708045600   -4.5001236885    3.3067504411   -0.0641455430    0.6191742901    0.4144485399    0.6638832394
   0.6707610813   -2.9618996272    4.2148695627   -0.2862172112    0.3845992654   -0.6558149491   -0.5831550957
   1.9701860278   -2.4415590953    3.0761204700   -0.0627614725   -0.5840649456    0.5399825239   -0.6027835522
   1.6100866603   -4.1955272885    4.0909346982    0.0893304409   -0.3488640093   -0.6488616071    0.6702929137
   0.3403196790   -2.1168334213   -3.9676611810    0.2363000726    0.6141835676    0.4280115058    0.6194731405
   1.0667458939   -0.8212232025   -2.8692946379    0.0745307353    0.4507862370   -0.7166363942   -0.5269432764
   1.9854780503   -0.3847832737   -4.1498844106    0.1282541161   -0.6416562719    0.2936784542   -0.6968364772
   2.0869061167   -2.0936087923   -2.9359795131    0.3671345094   -0.3865069728   -0.8054326526    0.2590421860
   0.7995646982   -2.2998540432   -1.8457108403    0.2389227516    0.6123116288    0.6626005422    0.3590973539
   0.7874186336   -0.3641433852    0.1509886591   -0.0492864811    0.1107106110   -0.6742240410   -0.7285162633
   1.3723156043   -0.8192873755   -1.6253209613    0.2397189130    0.0515725269    0.7007621823   -0.6699309525
   1.2610687274   -1.4942667139   -0.6682722791   -0.0956361479   -0.2167477294   -0.7838443557    0.5739879573
   0.7972235521   -1.7147250413    0.7914919412   -0.2023050040    0.5010162835    0.0743636328    0.8381678944
   0.8703075589   -1.4835255514    2.1446086176    0.2311647442    0.4795495771   -0.6506755169   -0.5414946315
   1.9304981098   -0.4632545837    1.0020519195   -0.0636675961   -0.4495622494    0.6021936106   -0.6566605489
   2.6201676119   -1.0506587412    2.1931177772   -0.2429987823   -0.4899581515   -0.7657330602    0.3384456855
   0.5343471090   -2.0905531596    3.2259054505    0.2078016256    0.5335153634    0.5265721216    0.6284120004
   0.4867810740   -0.4281023298    3.5647171838   -0.2299748579    0.6082074894   -0.5170933541   -0.5566054956
   1.5420678449    0.3135777827    2.9047231258   -0.3672459650   -0.3272747184    0.8671771023   -0.0776243075
   1.3852046307   -1.2149572206    4.1682380646   -0.1077667813   -0.6178461644   -0.2267550609    0.7451406447
   0.9673783670    0.7784089116   -4.0734805624    0.4306126473    0.3382884016    0.5931455508    0.5901796853
   0.9423903773    1.2333873760   -2.8103335183   -0.2344687263    0.4399275229   -0.6685366447   -0.5518577224
   1.7687205890    2.4665331757   -4.1481677658    0.0921173113   -0.5619896435    0.6856225846   -0.4534354564
   1.8331579645    0.7029767699   -2.8554799154   -0.1293037654   -0.6355396678   -0.6216526954    0.4392240810
   1.1221621314    0.2988924075   -1.4836572751   -0.4227610288    0.5285303266    0.3273196184    0.6593865891
   1.1889637943    2.2581373518   -0.9059716170   -0.0358252920    0.4956583290   -0.5055372210   -0.7053165868
   1.9889652471    2.0760687553   -1.8698718473   -0.5004358522   -0.4639613617    0.3108978791   -0.6615484272
   2.1420953712    0.7415418116   -0.3964245215    0.1271947470   -0.4157817293   -0.5182671114    0.7364416143
   0.1372688897   -0.4442544819    1.4205058065    0.1041883485    0.4574512981    0.4204762680    0.7765840624
   0.7174361269    1.3122603921    1.3477196289   -0.3588490600    0.3482314065   -0.7505296952   -0.4320502475
   1.8776542373    1.6297266134    0.4242071219    0.3359734400   -0.6403622848    0.6258599644   -0.2921597110
   2.1865909386    0.8055886464    1.7132884504    0.1341369830   -0.3885620091   -0.6371617521    0.6519599194
   0.2725692546    0.8004078597    2.9692614678    0.0512625195    0.5578793870    0.2513451290    0.7892834534
   0.8386085992    1.2778826132    4.2454734342    0.2357586852    0.4938183617   -0.6822199898   -0.4849094281
   1.3491454291    2.2880929875    2.9444404739   -0.1958977069   -0.5019044491    0.7292525162   -0.4217899715
   2.0432469979    1.5358207472    3.9116276170    0.0123535080   -0.6657281822   -0.6177737859    0.4183406839
   0.4230492900    2.7469261538   -4.1843709904   -0.0467414045    0.3342914936    0.2249861325    0.9140271761
   0.3710197676    3.3333640643   -2.9826901813    0.1790022181    0.4338014586   -0.7457705144   -0.4728645052
   1.2720845152    4.6066282562   -4.0048399516    0.1287135449   -0.5365613238    0.6474051547   -0.5257388467
   1.6018405666    3.2133832464   -2.8529839056   -0.1975568133   -0.6783018771   -0.4468152427    0.5488478915
   0.2661590150    3.0171140982   -1.7906328879   -0.2633915009    0.1266913405    0.8629644417    0.4121487522
   0.2907314462    3.9425571816   -0.5052600569   -0.4765164704    0.5501356914   -0.5005842834   -0.4687196921
   1.7436007636    4.2476947288   -1.5692691577    0.2663191986   -0.1701306113    0.6204577093   -0.7177477903
   1.7781581236    3.8759402406   -0.3752631470   -0.0665516337   -0.3031582213   -0.7643539606    0.5651804984
   0.6801604414    2.5295643212    0.3557481499   -0.0031971226    0.5145466861    0.5876707449    0.6243993770
   0.5297609305    3.7531307677    1.7851250607   -0.3026625257    0.5974952581   -0.2770625898   -0.6889347817
   1.4137769335    4.5718297685    0.6187000109   -0.2885597754   -0.2569327025    0.7696085606   -0.5083517541
   2.0957451125    2.8516705473    1.7171572063    0.0149516072   -0.3864945896   -0.6540480372    0.6500919525
   0.1717248571    2.1144467985    2.8856261339   -0.0903978397    0.7033966167    0.5298981059    0.4650477692
   0.6841611672    3.6374410927    3.8828055333   -0.1118115619    0.6156294915   -0.4695859852   -0.6228864314
   1.4902343461    4.1651024718    2.5767213908   -0.1405266963   -0.5214487431    0.4022641656   -0.7392746425
   2.0768399818    3.3522327288    4.0102986540    0.1900096342   -0.4865268374   -0.5503569445    0.6513794663
   2.7291366163    4.5036198044   -4.1214943102   -0.1530725220    0.6216780060    0.5132635170    0.5715293711
   3.1976193945   -3.6976860000   -3.1991500153   -0.0206336772    0.7737513555   -0.4927219010   -0.3976282429
   3.7781889267   -2.7634268532   -3.8359292120   -0.3657188312   -0.5614794941    0.4827303015   -0.5638811668
   4.3239676727   -4.2995670036   -2.6219947328    0.2907245435   -0.3893970178   -0.4393889040    0.7555041982
   2.9472461683   -4.5598062595   -1.2950968685   -0.1625724578    0.5609917261    0.5951811509    0.5519219844
   2.7123086007   -2.7021711030   -1.1129380387   -0.3673194961    0.6358431585   -0.6715343357    0.0991034894
   4.0741537182   -2.7285820219   -1.8076423507    0.0272804012   -0.5738316732    0.8036648530   -0.1552282019
   3.5163032219   -3.5335809871   -0.2284081216   -0.3615263642   -0.5546062798   -0.6855381845    0.3028992572
   2.6635571761   -4.5251292928    0.8829458234   -0.3226454183    0.2492516702    0.4001790304    0.8207498295
   3.1683335478   -2.8105253758    1.7364814954   -0.0766312532    0.4454188878   -0.3358864251   -0.8263836729
   3.7053750538   -1.9385381742    0.4363854202   -0.0905188819   -0.5728203090    0.6181626151   -0.5306205867
   4.1393658239   -3.5195231544    1.5170838871    0.0762932773   -0.4925705443   -0.4870057429    0.7172022038
   2.5216826838   -4.5033971116    3.1269679169    0.2431272121    0.2545501337    0.5555807758    0.7532751090
   2.9102442086   -3.1084898155    4.1669808975   -0.2366245522    0.1803625571   -0.6796413613   -0.6704966736
   3.9374209575   -2.8244983667    3.2957163383    0.2748770828   -0.3286160466    0.8044948679   -0.4113904360
   4.2429961759   -3.7194582616    4.2313370316   -0.2326861000   -0.7638311717   -0.5976630930    0.0722353604
   2.7714621441   -1.8746751254   -3.8529045822    0.3249835165    0.4584031520    0.5054106840    0.6548376171
   3.0503135667   -0.6147233778   -2.9120138744    0.2837533786    0.5310154634   -0.6583823169   -0.4517071205
   4.0105996278   -0.4392526759   -4.1245550678    0.1549083475   -0.4451846086    0.4034438001   -0.7842494299
   4.4867220628   -1.4706958494   -2.8401033188    0.2827208657   -0.1203794101   -0.4912983820    0.8149868770
   3.1440035916   -1.6618091097   -1.9594940085    0.0948396783    0.4861917646    0.4611259238    0.7361969070
   2.9620860669   -0.6540630465   -0.2337195693    0.1539261224    0.6233965280   -0.3355829994   -0.6892514550
   3.7845098671    0.1770921248   -1.2607459463   -0.0769618811   -0.3996090051    0.7342485489   -0.5433862166
   4.0941834796   -1.8680134519   -0.8295386518    0.3887276458   -0.4871103202   -0.5026282202    0.5991487508
   2.5647516385   -2.1562831810    0.5988089007   -0.2246099319    0.5084220298    0.6887539961    0.4654839965
   3.5243090719   -0.3847071705    1.2965175282    0.2452742582    0.4082009651   -0.6012045032   -0.6416896880
   4.4413640296   -0.4522700649    0.0667085544   -0.1304757244   -0.7031479378    0.4719527995   -0.5155769759
   4.1217254396   -1.6223870112    2.0903956579    0.2151611845   -0.6337220805   -0.5040078151    0.5459653027
   2.9038472173   -1.8908954136    3.4690953935    0.0289013398    0.3966249110    0.3031450740    0.8660002637
   2.8390539112   -0.9015223966    4.2875547974    0.2484595745    0.4737293986   -0.8193701010   -0.2061090351
   3.8821266373   -0.6760737623    3.0443137839   -0.1188636217   -0.2248746140    0.7472677804   -0.6139166977
   4.3305066577   -1.2237355273    4.2899553725    0.4744946917   -0.4488579090   -0.3136408563    0.6892102570
   2.9554883812    0.4967485164    4.4086468076   -0.1513195998    0.7974306305    0.1833533772    0.5546064437
   3.1506963218    0.9219489255   -2.7407873744    0.0473108486    0.3087393009   -0.4109856593   -0.8564651280
   3.9228182817    1.5268667809   -4.0926830739   -0.0833592686   -0.5520601966    0.6414885290   -0.5260924242
   4.2951460228    0.5145401995   -3.2392840986    0.1644377561   -0.7204239295   -0.5284381073    0.4179745842
   2.7678919011    0.1741821568   -1.5784161584    0.0450891397    0.5297914704    0.7024906935    0.4730695434
   3.2138158217    1.8908149364   -0.9008807452    0.3302382277    0.2878583949   -0.5899751856   -0.6782400297
   4.0785231459    1.7751052963   -2.0458225829    0.1765154437   -0.4134192534    0.0094286926   -0.8932177332
   4.5447525697    1.2447375748   -0.3739330385    0.0973158345   -0.6676977239   -0.4190359564    0.6075510227
   3.2618515121    1.0638367058    0.4915922845   -0.1257327415    0.3057146398    0.8628312314    0.3824292129
   3.1039507190    2.1407539830    1.3669922853    0.2586065424    0.3839726412   -0.8785130085   -0.1179091222
   4.1543417733    2.1115436711    0.5323995325   -0.0527298428   -0.5721938523    0.8184145018   -0.0033856141
   3.9860587950    1.0381378241    1.9451798344    0.0995235977   -0.7147578891   -0.5439775429    0.4281409187
   2.9758497861   -0.0251419611    2.7529413657   -0.0951805200    0.2634958060    0.4573302662    0.8440140144
   3.2772428241    1.6057953547    3.9646496295    0.1494831188    0.2093382964   -0.2796280037   -0.9250083537
   3.8937316288    2.0439024011    2.6451037523    0.4722183280   -0.4930114512    0.3370767626   -0.6483277072
   4.5298090864    0.5887670650    3.6482775615    0.0817693595   -0.5765778345   -0.5006323554    0.6404990378
   2.7078927963    2.1228149014   -3.7153678643    0.2566200480    0.5506835861    0.5545552369    0.5686494775
   3.1658784950    3.7429558172   -2.6119849321   -0.1166481725    0.1926767756   -0.8822687012   -0.4133652173
   3.3857389638    3.5782899656   -4.0085977455    0.0324190008   -0.3944802329    0.6708727621   -0.6271077191
   4.0683662108    3.3062667580   -2.9675563871    0.1371292266   -0.6010133363   -0.5149984310    0.5956132646
   3.1281698208    2.6289247113   -2.1521815362    0.2606316327    0.5763131330    0.1387171212    0.7620314200
   3.2055869379    3.5547442763   -0.7328482756    0.1929356018    0.7490817267   -0.0841069285   -0.6281547938
   4.2110022540    4.6221279049   -1.3582103221    0.1117669365   -0.4862727254    0.5819257179   -0.6421911299
  -4.6376124687    3.3783915522   -0.1506814603    0.0326197843   -0.4157136579   -0.7170188388    0.5585714718
   2.8866737722    3.0012631457    0.4320286149    0.2459234598    0.8388669745    0.0814836934    0.4787319279
   3.0720213074    4.0491749613    2.1209416529    0.5322385612    0.6390928909   -0.5098439922   -0.2198669925
   3.9017207261    4.2486447664    0.7355991248   -0.1238125965   -0.4693292489    0.6211744649   -0.6152583045
   4.4630861227    3.8720612810    1.7796497431   -0.1212789841   -0.6774099306   -0.4786619806    0.5452429755
   2.8615130560    2.4466533006    3.0406583265    0.6111879965    0.4072645444    0.2478474387    0.6317883118
   3.6108600556    4.1395011844    4.0651961259    0.0549430025    0.2493358065   -0.6344285674   -0.7295980502
   3.9103196791   -4.5220686000    2.6833308733   -0.0930069706   -0.7702414956    0.5911678363   -0.2204502922
   4.0938920117    3.0433410131    3.9186614144   -0.0698680761   -0.4570936486   -0.1779007836    0.8686398331
